-0.00001146 -0.00000670
0.00000839 0.00000360
7.99999809 7.99999688
0.99999090 7.00000501
5.00000424 1.99999062
8.00000382 8.00000048
4.99998196 2.00000385
5.00001484 2.00000027
4.99999877 2.00000256
5.00000121 2.00000789
0.00000462 -0.00000740
0.00000700 -0.00000687
0.00000598 0.00001763
8.00000563 7.99998255
-0.00000197 -0.00000423
4.99999498 2.00000132
5.00001302 2.00001379
-0.00000813 -0.00000012
8.00000401 7.99999303
1.00000268 7.00000639
1.00001251 6.99999993
0.00000391 0.00000433
0.99999866 7.00000854
5.00000348 1.99999157
5.00000283 2.00000312
1.00000343 6.99999235
0.99998381 7.00000879
0.00001203 0.00001087
7.99999963 7.99997863
1.00001195 7.00000278
0.00000633 -0.00001107
4.99999625 2.00001028
7.99998868 8.00001294
0.00000890 0.00000832
8.00000423 7.99998535
7.99998293 7.99998522
1.00000725 7.00000385
4.99999911 2.00001166
0.00000679 -0.00000785
4.99998996 2.00000059
4.99998958 1.99999141
8.00000114 7.99999388
4.99999448 1.99998532
-0.00002111 0.00001546
7.99998471 7.99999547
-0.00001768 0.00000500
1.00001392 7.00000345
0.00002122 0.00001152
7.99999300 8.00000593
1.00000900 6.99999931
7.99999982 7.99999012
1.00000001 6.99997858
0.99999858 7.00001291
1.00000159 7.00001465
-0.00001087 0.00000139
-0.00000123 0.00000613
0.00002553 -0.00001328
-0.00000003 -0.00000111
5.00001509 1.99999746
-0.00001053 -0.00000438
4.99999677 2.00000710
7.99999040 7.99999269
5.00000625 2.00000413
7.99999687 8.00000710
4.99998036 1.99999957
8.00001454 8.00000145
4.99999381 1.99998161
-0.00001576 0.00000526
7.99999900 7.99999073
4.99998895 1.99999712
1.00000631 6.99999606
8.00001247 7.99999229
1.00000495 7.00000142
0.99998301 7.00000040
4.99999151 2.00001972
5.00000291 1.99999795
1.00000692 6.99998444
5.00000532 2.00000839
7.99997613 7.99999166
1.00000038 6.99999220
0.99999959 7.00000023
8.00001054 7.99998825
-0.00000121 0.00001965
8.00000261 7.99997364
5.00000255 1.99998554
-0.00000452 -0.00000371
5.00000198 1.99999784
7.99999552 8.00001211
0.99999023 7.00001273
0.00000201 -0.00001494
1.00000184 7.00000180
5.00002750 1.99999752
4.99998822 2.00000570
-0.00000018 -0.00000345
-0.00000996 0.00000942
5.00000313 2.00000147
8.00000831 7.99998834
8.00000063 7.99999223
1.00001535 6.99998024
8.00000336 7.99998478
