-100.00303242 -0.08224750
-100.00110621 0.36452166
-100.00004763 0.56600323
-99.99809744 0.93557792
-99.99596297 1.12418855
-99.99222093 1.42694402
-99.98705943 1.75198387
-99.98121542 2.04658097
-99.97563875 2.32714343
-99.96601785 2.72006064
-99.95241224 3.20443936
-99.93073213 3.76977876
-99.91478998 4.18327043
-99.90759884 4.35185754
-99.89776700 4.56790740
-99.88265156 4.88499721
-99.86516634 5.23606454
-99.84905290 5.52766561
-99.83257865 5.82349552
-99.81349474 6.16039107
-99.77030976 6.80641265
-99.74775378 7.12607943
-99.72058894 7.49579222
-99.68984970 7.90282414
-99.67485233 8.09283742
-99.65159148 8.37252559
-99.62138861 8.72786531
-99.57113799 9.27915290
-99.50165780 9.99895680
-99.46980457 10.30661259
-99.42780071 10.70639167
-99.39477297 11.01061677
-99.32712675 11.60018857
-99.29701674 11.85381260
-99.28168255 11.97992104
-99.26520407 12.11525735
-99.24968778 12.24116420
-99.20135030 12.62692726
-99.14798079 13.04469041
-99.08402834 13.52252670
-99.03684902 13.86646969
-98.92283328 14.65464897
-98.86772768 15.02390729
-98.86400531 15.04850433
-98.78469852 15.55647938
-98.76177905 15.70215596
-98.70400207 16.06562303
-98.57649284 16.82714257
-98.55846439 16.93251700
-98.51534275 17.18164248
-98.40624967 17.79992731
-98.38351368 17.92283782
-98.30976129 18.31855389
-98.27398647 18.51030209
-98.22225046 18.78179157
-98.20928870 18.84930125
-98.13781105 19.21942916
-98.11488603 19.33768805
-97.98781610 19.97770674
-97.77692635 20.98121569
-97.67705124 21.44238719
-97.50363416 22.21518791
-97.41045738 22.61832283
-97.27753253 23.18635617
-97.16399577 23.65634969
-97.10412956 23.90087871
-97.04356987 24.14470694
-96.98772122 24.36952206
-96.92849895 24.60736159
-96.76358323 25.24660134
-96.74640742 25.31279220
-96.64119424 25.70787142
-96.57088197 25.96997933
-96.50594252 26.21205780
-96.44619663 26.43148909
-96.41504609 26.54378227
-96.29161806 26.98764468
-96.26788361 27.07224585
-96.16878918 27.42317785
-96.08993767 27.70080983
-95.87999665 28.41762795
-95.79409802 28.70723994
-95.72189107 28.94831694
-95.51538461 29.61941399
-95.47038973 29.76436909
-95.34512315 30.16175427
-95.30727762 30.28082111
-95.22190046 30.54919891
-95.09396355 30.94531902
-95.01971946 31.17141676
-94.96493979 31.33790370
-94.93703402 31.42237925
-94.86322545 31.64397579
-94.85378413 31.67218910
-94.70994956 32.09977308
-94.60749518 32.40422254
-94.43196084 32.91505585
-94.25256408 33.41906569
-94.08809894 33.88056440
-93.92137801 34.33926731
-93.81886660 34.61831842
-93.79043071 34.69508328
-93.59599526 35.21839771
-93.46746746 35.55964998
-93.29255314 36.01249099
-93.17247858 36.32184798
-93.15206254 36.37422756
-93.09446451 36.52116075
-93.06656668 36.59218809
-92.94534336 36.89966924
-92.93566458 36.92405384
-92.79656231 37.27365441
-92.59673613 37.76773288
-92.52675174 37.93837095
-92.41685404 38.20423223
-92.37765867 38.29865526
-92.23266360 38.64690664
-92.09325380 38.97895406
-91.96569120 39.27733388
-91.71985358 39.84778396
-91.61845949 40.08022648
-91.50752736 40.33296811
-91.43240164 40.50389732
-91.32513755 40.74476764
-91.22921034 40.95854077
-91.01091345 41.44434306
-90.88178518 41.72564939
-90.73434292 42.04355854
-90.55943590 42.41967648
-90.41295662 42.73148963
-90.22736339 43.12379305
-90.12889676 43.32785079
-89.91579048 43.76786849
-89.70283599 44.20319370
-89.40106685 44.81040734
-89.24236730 45.12591694
-89.06599585 45.47285179
-88.84556728 45.90251056
-88.54073610 46.48872783
-88.20741262 47.11635354
-88.09512517 47.32598834
-87.79782889 47.87457045
-87.75331522 47.95597296
-87.59359393 48.24750494
-87.52078537 48.37947015
-87.35598592 48.67659337
-87.23232597 48.89757580
-87.05401370 49.21399173
-86.93028485 49.43292881
-86.85918361 49.55796049
-86.73754815 49.76991115
-86.51438183 50.15861970
-86.36284517 50.41900410
-86.20018100 50.69615475
-85.89655061 51.20713927
-85.86746842 51.25597712
-85.59883539 51.70378786
-85.49186048 51.88004106
-85.28595585 52.21794267
-85.05994980 52.58751082
-84.82324232 52.96859435
-84.62267098 53.28645344
-84.45812546 53.54695688
-84.34108777 53.73161006
-84.07957177 54.13819754
-84.01429069 54.23962846
-83.90803408 54.40463289
-83.81689940 54.54569787
-83.70438480 54.71892935
-83.47999921 55.05930815
-83.32592554 55.29211823
-83.27422842 55.36977674
-82.94533100 55.86175556
-82.86162589 55.98580894
-82.70915243 56.21098307
-82.66718308 56.27253260
-82.51810931 56.49071614
-82.36180707 56.71766226
-81.95420965 57.30594546
-81.78484232 57.54657302
-81.51927730 57.92380386
-81.29851959 58.23241491
-81.02786439 58.60793950
-80.81086538 58.90728791
-80.65094150 59.12588519
-80.40540493 59.45888533
-80.27834139 59.63064162
-80.16124282 59.78794730
-80.00055928 60.00287994
-79.94361393 60.07897907
-79.84613431 60.20894303
-79.54938500 60.59932287
-79.41189595 60.77951522
-79.25835010 60.97932649
-78.79315820 61.58115956
-78.58023403 61.85135495
-78.57166561 61.86219165
-78.27222513 62.24079836
-78.16213590 62.37995165
-77.78960555 62.84366056
-77.51605433 63.18039065
-77.14991547 63.62733337
-77.03663324 63.76382536
-76.86386309 63.97192548
-76.70390926 64.16457626
-76.52636176 64.37558389
-76.27165071 64.67737997
-76.21822323 64.74055997
-75.79312068 65.23668793
-75.59132801 65.47074347
-75.29515254 65.81086324
-75.19955446 65.92045287
-74.98678660 66.16191764
-74.72640781 66.45621510
-74.42809683 66.79019784
-74.15188968 67.09786939
-73.99071532 67.27473141
-73.72681643 67.56298108
-73.60397189 67.69650552
-73.34404842 67.97854995
-73.09522091 68.24650663
-72.74590194 68.61788080
-72.46243690 68.91724753
-72.28958427 69.09925834
-71.98438544 69.41743636
-71.87607014 69.52907459
-71.73504405 69.67399167
-71.56035015 69.85317015
-71.00070853 70.42397958
-70.68410033 70.74044895
-70.50447050 70.91973514
-70.30250629 71.12023493
-70.22562393 71.19619926
-70.00727268 71.41053100
-69.90434424 71.51129265
-69.59226604 71.81642309
-68.98571369 72.39842472
-68.82575906 72.54982098
-68.31465630 73.03218313
-68.09888370 73.23519475
-67.70596343 73.59564106
-67.35417607 73.91813936
-67.23324680 74.02812248
-67.04701718 74.19666241
-66.72089705 74.49132262
-66.59318882 74.60458301
-65.95364679 75.17087787
-65.68427781 75.40642978
-65.55228173 75.52139312
-65.32738149 75.71528717
-65.02703362 75.97274151
-64.97017993 76.02145677
-64.61215668 76.32683233
-64.48269262 76.43622375
-64.43820807 76.47357425
-64.28501875 76.60182810
-64.10693986 76.75089544
-63.73333709 77.06205647
-63.39411430 77.34114105
-63.13269740 77.55434657
-62.57534400 78.00633672
-62.26211845 78.25671677
-61.78350929 78.63480471
-61.37683331 78.95158435
-61.01902386 79.22869529
-60.91926357 79.30506619
-60.54171847 79.59394987
-60.45387052 79.66055713
-60.12399048 79.90990879
-59.84728205 80.11742625
-59.49989839 80.37615487
-59.13520591 80.64506183
-58.47084644 81.12795067
-58.22372249 81.30518794
-57.89717718 81.53772407
-57.62987875 81.72640744
-57.35374011 81.92070800
-57.13113563 82.07631314
-57.06998990 82.11886729
-56.75384615 82.33720634
-56.49535042 82.51497201
-56.27762005 82.66391896
-56.06878138 82.80506443
-55.64679750 83.09010126
-55.36507061 83.27771412
-54.88891300 83.59270236
-54.57662010 83.79730371
-54.05176894 84.13583828
-53.71155514 84.35388455
-53.35515425 84.57929308
-53.27036665 84.63284307
-53.02669999 84.78602558
-52.90961233 84.85957498
-52.29866129 85.23622473
-52.08488885 85.36722452
-51.98321208 85.42897258
-51.69176814 85.60586759
-51.34838985 85.81192003
-51.07732954 85.97377182
-50.69499098 86.20077754
-50.44494367 86.34747075
-50.04354418 86.57983514
-49.80856734 86.71570054
-49.53932903 86.86948195
-49.41111507 86.94245288
-48.94206747 87.20909560
-48.62716385 87.38445098
-48.44149367 87.48686523
-47.80553246 87.83566211
-47.71798178 87.88318797
-47.29738270 88.11081613
-47.09939522 88.21662448
-46.74314076 88.40523881
-46.70952241 88.42301522
-46.34996650 88.61235770
-46.09870740 88.74267534
-45.79752114 88.89878713
-45.63536226 88.98250394
-45.41851935 89.09352096
-45.09729797 89.25597894
-44.79424721 89.40895214
-44.45163791 89.58005968
-43.98989554 89.80748480
-43.85607750 89.87282374
-43.41888938 90.08450402
-43.26640157 90.15804305
-42.98586470 90.29236103
-42.54920561 90.49873333
-42.43469488 90.55228097
-42.08490737 90.71570023
-41.98244951 90.76334231
-41.66021592 90.91149847
-41.27719141 91.08608184
-40.97468898 91.22277682
-40.56257720 91.40676352
-40.33737762 91.50618066
-40.02405581 91.64447753
-39.60030597 91.82742916
-39.26429737 91.97167962
-38.56528968 92.26689093
-38.27635508 92.38707853
-37.80973981 92.57915567
-37.52586000 92.69421043
-37.21778057 92.81829370
-37.18115322 92.83300910
-36.52036915 93.09541300
-36.25122161 93.20146777
-35.73069182 93.40132685
-35.41877399 93.51965861
-35.21419348 93.59678189
-35.14232494 93.62370119
-35.01222297 93.67240234
-34.77183033 93.76193149
-34.39907616 93.89931872
-33.94723351 94.06474217
-33.82167580 94.10980727
-33.28316548 94.30091821
-33.16826863 94.34134702
-33.01633423 94.39455630
-32.78499381 94.47543694
-32.34340251 94.62740126
-32.24947245 94.65947543
-32.06908530 94.72059149
-31.92808049 94.76817695
-31.63710916 94.86601911
-31.50485387 94.91026972
-30.91325345 95.10478830
-30.54959553 95.22140890
-30.38748990 95.27338764
-30.19062771 95.33585328
-29.92641215 95.41914132
-29.85398602 95.44186089
-29.83102624 95.44902120
-29.43400007 95.57271083
-29.02652951 95.69664435
-28.88885161 95.73844146
-28.71190391 95.79150573
-28.50769196 95.85216757
-28.34536359 95.90036232
-27.92318041 96.02444528
-27.68851657 96.09313107
-27.23574110 96.22241693
-27.17050945 96.24084347
-26.55182507 96.41292580
-26.48461699 96.43128770
-26.27810389 96.48747051
-25.81072789 96.61449580
-25.35066641 96.73547722
-24.82244608 96.87356408
-24.26930737 97.01392534
-23.93797129 97.09564958
-23.26541922 97.25863132
-22.97258329 97.32795151
-22.61852577 97.41077555
-22.27440221 97.49088079
-22.04873066 97.54171953
-21.68733544 97.62203715
-21.51304885 97.66027948
-21.23876159 97.72040061
-21.09689338 97.75143819
-21.00415023 97.77168310
-20.82107326 97.81101854
-20.69825458 97.83727154
-20.23572376 97.93366722
-19.72462949 98.03768335
-19.44232595 98.09430994
-18.80743750 98.21878911
-18.78811978 98.22248139
-18.10318590 98.34989503
-17.62639142 98.43675617
-16.96557514 98.55288656
-16.63384622 98.60879159
-16.46865770 98.63658814
-16.39569842 98.64884682
-15.99602007 98.71464770
-15.85651357 98.73726021
-15.54954334 98.78674147
-15.11730255 98.85321690
-14.95949393 98.87743815
-14.88204206 98.88897225
-14.52604459 98.94149941
-14.27751696 98.97801606
-13.76773519 99.05016964
-13.44920362 99.09346602
-13.19485185 99.12769230
-12.94401894 99.16079254
-12.85081767 99.17304596
-12.75785786 99.18525100
-12.25787872 99.24868616
-11.91545269 99.28970949
-11.54146265 99.33382623
-11.04806372 99.38944412
-10.89331807 99.40675077
-10.54427801 99.44441388
-10.31748071 99.46877583
-9.77995003 99.52438583
-9.09828954 99.58749450
-8.91029648 99.60458151
-8.73453285 99.62038811
-8.00221683 99.68136649
-7.76545831 99.70081322
-7.30222914 99.73490399
-6.84380460 99.76785623
-6.31656993 99.80248701
-5.80410149 99.83395485
-5.39462669 99.85637904
-5.25014449 99.86423800
-4.78547132 99.88777884
-4.35802868 99.90734406
-3.98877838 99.92274307
-3.26457361 99.94940095
-3.02308817 99.95690281
-2.54531660 99.96988702
-2.05378735 99.98121984
-1.38991822 99.99297751
-0.81176020 99.99962895
-0.26630273 100.00185317
-0.17641561 100.00204407
-0.02505258 100.00229799
0.03789541 100.00216825
0.46507875 100.00112203
0.75432112 99.99930214
0.89889579 99.99780984
1.38311343 99.99274180
1.91688192 99.98407416
2.19916868 99.97877535
2.73298969 99.96454221
2.87079395 99.96082415
3.07201190 99.95462711
3.28596074 99.94760756
3.76225160 99.93170371
4.39066964 99.90625112
4.76202208 99.88829952
5.13102222 99.86998366
5.21857644 99.86548906
5.70744956 99.83980071
5.80869161 99.83418852
5.98401636 99.82377283
6.34835724 99.80130749
6.77232006 99.77327582
6.87455951 99.76632132
7.29533301 99.73605675
7.87732915 99.69198761
8.07820965 99.67547112
8.22783578 99.66306276
8.77907110 99.61706067
9.44155979 99.55465918
9.51095875 99.54811281
9.56127066 99.54333903
9.86834618 99.51416919
10.21046108 99.47984429
10.31104136 99.46950888
10.61701813 99.43662569
11.18454293 99.37546580
11.51052844 99.33759007
11.57972776 99.32947595
11.96716884 99.28357553
12.45096152 99.22397700
12.51510500 99.21607309
13.02649849 99.14955859
13.32493052 99.11012306
13.85506333 99.03789753
13.97899347 99.02049421
14.13979034 98.99777197
14.33224875 98.97024125
14.59487813 98.93261815
15.29607180 98.82602092
15.40823683 98.80871698
15.89102756 98.73109195
16.39442318 98.64935221
16.98344205 98.55011733
17.42084845 98.47292302
17.71957093 98.41983275
17.85498921 98.39554719
18.33244572 98.30730053
18.66973865 98.24432112
18.85661900 98.20878175
19.67503131 98.04780304
19.84119356 98.01476120
20.32343916 97.91626640
20.71693763 97.83302380
20.94402707 97.78494664
21.40958141 97.68323722
21.49034132 97.66559214
21.61177766 97.63858364
22.13927085 97.52109268
22.27492011 97.49054791
22.52610957 97.43359733
23.23318334 97.26582741
23.63769648 97.16885446
24.32288448 96.99938515
24.54593966 96.94395256
24.86955096 96.86083254
25.22850256 96.76763296
25.43028539 96.71520497
25.49599709 96.69793670
25.95034465 96.57582475
26.11413385 96.53176638
26.51042029 96.42440386
26.78091162 96.34953304
27.00984279 96.28580656
27.42433932 96.16824422
27.48804851 96.15012824
27.62242232 96.11186038
27.73807124 96.07853251
28.02138700 95.99653954
28.41980752 95.87901654
28.75493595 95.77996083
29.11672303 95.67033012
29.40552990 95.58168489
29.52325173 95.54500482
29.89872712 95.42740632
30.05290668 95.37893179
30.13529729 95.35300890
30.73451138 95.16290149
30.94432823 95.09477096
31.32719322 94.96883998
31.59468403 94.88045528
31.98846968 94.74783171
32.46209956 94.58728149
32.51137943 94.57027856
32.94297305 94.42061289
33.20872415 94.32750147
33.24114125 94.31600013
33.64351716 94.17322540
34.07508281 94.01849021
34.20513082 93.97085283
34.57091679 93.83619589
35.14131521 93.62491083
35.34329906 93.54931035
35.99262159 93.30073510
36.33857980 93.16688445
36.71870575 93.01775900
37.18806894 92.83099388
37.33324863 92.77290492
37.80516317 92.58067057
38.29446132 92.38060576
38.80300437 92.16767317
39.30139175 91.95614209
39.40451005 91.91211706
39.68245988 91.79206663
40.01615620 91.64669897
40.45164019 91.45544228
40.83761950 91.28313194
41.02633980 91.19857093
41.46717329 90.99975790
41.76380068 90.86417918
42.03854678 90.73690530
42.14638438 90.68680619
42.64687065 90.45278053
42.89163184 90.33682664
43.19085158 90.19361533
43.26042450 90.16029020
43.59330703 90.00058856
43.77000448 89.91480649
44.20240381 89.70258450
44.45154889 89.57930597
44.75399910 89.42903791
45.03099081 89.29003576
45.19830797 89.20526840
45.72013416 88.93973220
45.97620447 88.80734518
46.47739074 88.54504308
46.65007278 88.45454938
47.24840660 88.13707537
47.37266991 88.07062704
48.01040975 87.72372852
48.22135018 87.60809696
48.67121153 87.35877911
48.99884297 87.17529722
49.26346485 87.02578511
49.40471233 86.94584301
49.60620677 86.83095320
49.77176729 86.73610716
49.97050180 86.62183730
50.06904070 86.56501582
50.20085110 86.48898282
50.36999409 86.39042474
50.70022705 86.19724147
50.70507552 86.19440163
50.88358815 86.08887673
51.20716476 85.89672135
51.61338621 85.65317852
51.71918138 85.58938581
52.06827161 85.37796492
52.49802486 85.11510030
52.68516730 84.99887856
52.79665691 84.92952294
53.24901501 84.64621435
53.38777776 84.55911346
53.51616295 84.47746102
53.78462548 84.30613927
53.99669183 84.17072665
54.05372297 84.13423103
54.30486583 83.97312342
54.38761676 83.91937741
54.54104015 83.81951841
54.88777724 83.59258140
55.12830987 83.43501817
55.48572620 83.19744330
55.76784466 83.00783758
55.97394360 82.86900777
56.15173362 82.74892061
56.32969625 82.62790789
56.42719828 82.56109207
56.70181771 82.37279493
56.86640029 82.25957848
57.26589299 81.98197806
57.70739175 81.67174329
57.82512397 81.58816943
58.27494844 81.26817484
58.42377639 81.16091196
58.45986411 81.13482227
58.62607740 81.01434980
58.96796639 80.76579691
59.29612036 80.52643600
59.42764052 80.42965153
59.55899920 80.33193504
60.06271864 79.95574454
60.40505431 79.69735009
60.81399301 79.38647349
61.24216292 79.05653642
61.62811950 78.75573182
61.96658769 78.49049048
62.31453099 78.21394394
62.76156302 77.85559291
63.29205084 77.42475444
63.50072596 77.25334971
63.56531469 77.20005670
63.74336407 77.05292563
63.84106874 76.97200769
63.90302245 76.92066327
64.17892947 76.69143914
64.65513097 76.29021023
64.91629312 76.06815389
65.48562952 75.57878446
65.86490916 75.24827678
66.33566556 74.83415292
66.70105602 74.50734941
66.89260586 74.33545072
67.34820566 73.92436651
67.73814888 73.56673005
68.02962346 73.29772121
68.14461109 73.19058144
68.36173143 72.98750364
68.69507835 72.67307917
68.80368041 72.57030506
68.83046196 72.54494528
69.06309903 72.32381076
69.14529254 72.24521912
69.34433503 72.05477943
69.47147276 71.93156411
69.66020016 71.74817990
69.75062572 71.66020668
70.06554953 71.35369543
70.43264387 70.99148547
70.80546424 70.61856732
71.00470300 70.41837643
71.32406453 70.09653749
71.71900241 69.69335575
72.37686203 69.00939255
72.86121786 68.49649393
73.01504820 68.33267605
73.45575403 67.85846809
73.50682416 67.80347837
74.19388813 67.05196799
74.48580904 66.72652491
74.71757022 66.46628692
75.09554042 66.03892537
75.21229696 65.90564057
75.44281145 65.64175358
75.72701266 65.31411000
76.03399332 64.95550083
76.11508332 64.86044037
76.26594770 64.68266429
76.42490926 64.49528461
76.63058691 64.25074719
76.71491831 64.15032437
76.92804463 63.89446725
77.34538779 63.38954545
77.63068640 63.04034796
77.75440124 62.88744891
78.10843616 62.44782639
78.59649002 61.83071883
78.61464495 61.80756769
78.99364800 61.32270181
79.12185350 61.15644688
79.23272154 61.01250351
79.31637043 60.90364019
79.45394129 60.72423038
79.54674363 60.60281577
79.62474103 60.50022857
79.65212881 60.46414212
79.79249288 60.27893498
79.92075328 60.10855550
80.13225183 59.82664980
80.25664148 59.66026420
80.37117968 59.50530795
80.51639946 59.30833574
80.68012010 59.08520147
80.87774347 58.81496775
80.95180812 58.71303151
81.10527050 58.50045371
81.30474560 58.22348385
81.45369985 58.01548297
81.72555732 57.63111227
81.97919444 57.27059241
82.17243967 56.99213463
82.21933496 56.92447699
82.53690282 56.46458411
82.87952559 55.96044639
83.12949184 55.58846327
83.40191953 55.17777499
83.74093560 54.66243188
83.92322270 54.38259575
84.12748193 54.06458541
84.44932279 53.56177082
84.97326822 52.72787938
85.31809658 52.16634996
85.52477714 51.82663386
85.78733975 51.39107222
86.04351029 50.95998477
86.19076905 50.71157844
86.37736084 50.39250087
86.51456095 50.15583729
86.82860359 49.61326304
87.11570052 49.10708730
87.21495353 48.92987139
87.37282819 48.64574056
87.60200149 48.23267198
87.90617741 47.67529809
88.09767749 47.32052295
88.25287331 47.03096762
88.28365465 46.97305134
88.43163845 46.69311745
88.55685416 46.45583658
88.70262298 46.17656221
88.73139884 46.12100441
88.80316690 45.98219756
88.95058766 45.69684465
89.17401707 45.25985722
89.39753740 44.81694751
89.45687637 44.69808283
89.55215058 44.50638462
89.76643965 44.07491088
89.98465905 43.62858785
90.20977394 43.15829792
90.43014147 42.69301486
90.52178940 42.49916807
90.71665537 42.08222169
90.93006001 41.61917620
91.03866219 41.38345826
91.28137530 40.84364690
91.39315935 40.59188022
91.46022093 40.44070208
91.53834397 40.26315351
91.73785720 39.80843570
91.81496108 39.62982391
91.98592295 39.23163569
92.24879944 38.61329780
92.53657635 37.91319575
92.65455499 37.62367028
92.82605451 37.19972503
92.98015620 36.81369555
93.12332457 36.45106545
93.21405062 36.21728720
93.44670873 35.61228373
93.52588783 35.40256187
93.71031987 34.91329611
94.00066936 34.12387030
94.16500930 33.66540931
94.22102304 33.50891560
94.34357190 33.16446273
94.58193136 32.47751335
94.71810417 32.07770155
94.87004066 31.62515210
95.03817054 31.11693896
95.14849582 30.78276949
95.38506050 30.03602245
95.48100619 29.72946228
95.57812146 29.41619566
95.59750033 29.35271905
95.77306399 28.77323487
95.87482269 28.43678356
96.04006016 27.87180529
96.15700752 27.46441009
96.20179916 27.30693431
96.25660929 27.11329726
96.35405240 26.76357824
96.45775352 26.38729423
96.55613011 26.02548344
96.59122935 25.89492406
96.62653302 25.76260006
96.80834289 25.07696164
96.96903110 24.44405868
97.00329148 24.30698673
97.04989158 24.11978967
97.11413656 23.85856355
97.20081636 23.50526594
97.27552807 23.19263588
97.35288047 22.86663007
97.37804778 22.75917736
97.39383345 22.69103394
97.49989413 22.23054687
97.54573987 22.02899205
97.61019174 21.74055560
97.63183444 21.64267289
97.69827203 21.34199323
97.79357006 20.90180236
97.86178552 20.58014464
97.94261460 20.19160219
98.02477581 19.78703647
98.05847829 19.61849224
98.10814583 19.36820179
98.18370910 18.98574989
98.26373226 18.56545801
98.30807432 18.32885638
98.34020518 18.15720667
98.37570034 17.96692764
98.47493899 17.41003392
98.49351646 17.30381622
98.52912936 17.10007056
98.61760153 16.58572392
98.72134002 15.95382851
98.78629386 15.54506998
98.80083084 15.45273049
98.86590330 15.03668239
98.94137247 14.52532361
98.95488706 14.43220495
99.01373690 14.02208461
99.02171600 13.96636146
99.04970687 13.76797232
99.13953599 13.10863050
99.16046163 12.95095105
99.21886600 12.49695123
99.24285166 12.30178167
99.31578865 11.69139082
99.35824480 11.32867000
99.37405840 11.19345639
99.41168904 10.85431923
99.48579005 10.14900261
99.54773918 9.52389159
99.55595212 9.43588832
99.60688104 8.87895583
99.62793291 8.64062385
99.66919777 8.15983191
99.68598137 7.94646568
99.74682681 7.15107105
99.78229865 6.62970943
99.80318512 6.30580382
99.82421232 5.97161853
99.84470032 5.61279185
99.86820964 5.18217867
99.88289012 4.88001426
99.91899259 4.10944950
99.94117120 3.48569423
99.94694006 3.31621852
99.94970876 3.23463336
99.96528205 2.71332732
99.97304973 2.43209134
99.98419941 1.90973544
99.99081183 1.57618981
99.99563823 1.13169866
99.99964872 0.68616931
100.00071313 0.53477494
100.00251524 0.22154290
100.00263338 0.07488266
100.00208831 -0.23933951
99.99921901 -0.86162067
99.99568129 -1.16165190
99.99043182 -1.59619814
99.97715062 -2.26233085
99.96625477 -2.66966766
99.96351607 -2.77051098
99.95759045 -2.97850605
99.94645398 -3.33590525
99.93977085 -3.54130115
99.92679629 -3.88321055
99.90473626 -4.42145496
99.87811017 -4.98824747
99.86278379 -5.28885837
99.83554217 -5.78243445
99.80780804 -6.23515394
99.78505575 -6.59989566
99.74892302 -7.11354543
99.73364309 -7.32078140
99.71048026 -7.63332047
99.69751211 -7.79653784
99.65566800 -8.32199819
99.64409890 -8.45968144
99.61132201 -8.83873821
99.60038985 -8.96005559
99.54614018 -9.54172317
99.50162774 -9.99293779
99.47472254 -10.25522074
99.45324996 -10.46124949
99.40716934 -10.89308468
99.36691260 -11.25342184
99.31418780 -11.71107596
99.30086976 -11.82348255
99.28223386 -11.98073705
99.26717522 -12.10400314
99.21876829 -12.49644884
99.16023002 -12.95180731
99.12431692 -13.22603301
99.06453983 -13.66169884
99.01688801 -14.00280591
98.97019508 -14.32734875
98.94769674 -14.48342328
98.92290976 -14.65011960
98.88401492 -14.91097007
98.83865295 -15.20751517
98.80962435 -15.39478630
98.74052521 -15.83544442
98.67176650 -16.25703786
98.63459090 -16.48059459
98.61177176 -16.61711677
98.56904521 -16.86978516
98.51625699 -17.18187877
98.43752119 -17.62012968
98.38843103 -17.89311097
98.32560560 -18.23734979
98.24497480 -18.66409937
98.22970289 -18.74429367
98.19526994 -18.92377363
98.14240759 -19.19503714
98.12277326 -19.29426917
98.03900164 -19.71444684
98.01479245 -19.83554841
97.97124194 -20.05099842
97.96088176 -20.10177584
97.93743237 -20.21620308
97.86193738 -20.58071732
97.80711791 -20.83942297
97.69138096 -21.37428229
97.66203265 -21.50868205
97.57913107 -21.88345910
97.44604868 -22.46489462
97.43371044 -22.51847639
97.39919776 -22.66770891
97.39054550 -22.70466288
97.35909789 -22.83816516
97.31041948 -23.04475094
97.23863954 -23.34553583
97.19633183 -23.52236120
97.14314774 -23.74061564
97.04438391 -24.14514002
97.00295194 -24.31100354
96.90697775 -24.68856755
96.84021175 -24.94876675
96.67461931 -25.58092144
96.59886244 -25.86520369
96.56858915 -25.97760411
96.49392639 -26.25460619
96.44737125 -26.42466867
96.42580375 -26.50323016
96.35030422 -26.77748988
96.26102479 -27.09652076
96.19875692 -27.31615307
96.11843513 -27.59814862
95.98660247 -28.05736931
95.83905557 -28.55648051
95.71514221 -28.96753309
95.53402071 -29.56034896
95.48719228 -29.71088847
95.38458674 -30.03941253
95.27323437 -30.39033181
95.21251622 -30.57986799
95.05977677 -31.05103518
95.02072090 -31.17135513
94.81438314 -31.79117023
94.78857589 -31.86838844
94.74188596 -32.00670359
94.67841402 -32.19463940
94.62131678 -32.36249020
94.61076669 -32.39325129
94.42777393 -32.92045782
94.35321782 -33.13440594
94.27137337 -33.36671994
94.18021390 -33.62475102
94.07745925 -33.90994998
93.95550018 -34.24676696
93.85605140 -34.51823486
93.58472465 -35.25061362
93.30440359 -35.98349711
93.09279755 -36.52712086
92.74045182 -37.41504680
92.47248271 -38.07130307
92.42654276 -38.18288221
92.15507228 -38.83138285
91.89173476 -39.44980693
91.79703920 -39.67003154
91.55233475 -40.23502947
91.24362313 -40.92694672
91.10376384 -41.23862614
90.90095933 -41.68409535
90.69212394 -42.13511851
90.58311433 -42.36930589
90.53617486 -42.46970443
90.28567384 -43.00006502
90.23423258 -43.10784884
90.19348429 -43.19217195
89.91776578 -43.76271140
89.75710375 -44.09148161
89.63265349 -44.34279790
89.52617699 -44.55776362
89.42609946 -44.75929948
89.31073911 -44.98976379
89.07675636 -45.45052177
88.94538563 -45.70707770
88.87671042 -45.84094686
88.81510989 -45.96016686
88.61501712 -46.34506030
88.43160057 -46.69362662
88.19517400 -47.13868428
88.04724660 -47.41458471
87.90082324 -47.68712473
87.49108514 -48.43671695
87.00708292 -49.30097367
86.75543907 -49.73898274
86.50452617 -50.17406324
86.39778139 -50.35775807
86.25382925 -50.60410304
86.08901728 -50.88387752
85.84890112 -51.28865038
85.69795277 -51.54074915
85.60325373 -51.69814900
85.18622168 -52.38022160
84.99901266 -52.68339675
84.91913733 -52.81172236
84.88259579 -52.87040431
84.80984407 -52.98687865
84.64251526 -53.25473270
84.51572163 -53.45673866
84.32305490 -53.76095109
84.04695216 -54.19092338
83.84107512 -54.51005487
83.48366280 -55.05514602
83.31531360 -55.30860779
83.10676567 -55.62155801
82.93559124 -55.87596573
82.71752843 -56.19951509
82.35547049 -56.72765814
82.25208513 -56.87758885
81.95682749 -57.30187402
81.74192631 -57.61040748
81.37016317 -58.13163866
81.29619474 -58.23505003
80.99907454 -58.64758923
80.82586662 -58.88659651
80.58789864 -59.21365557
80.30057419 -59.60156913
79.85012161 -60.20371119
79.63740408 -60.48381631
79.35830529 -60.84958327
79.02609729 -61.28142345
78.45705674 -62.01010843
77.89585669 -62.71200353
77.66682800 -62.99442375
77.26565989 -63.48772953
76.99599745 -63.81303152
76.98918034 -63.82121509
76.61367692 -64.27063227
76.43251360 -64.48612953
76.25056369 -64.70127917
76.17145041 -64.79414815
75.94427151 -65.06076639
75.86726195 -65.15035889
75.61255817 -65.44628643
75.37399625 -65.72156283
75.28735588 -65.82007163
74.85845551 -66.30710201
74.52452275 -66.68262580
74.34054064 -66.88747394
74.28164383 -66.95266602
73.88492574 -67.39133919
73.58694471 -67.71532080
73.30213684 -68.02352184
72.96298749 -68.38736707
72.75620357 -68.60713219
72.36238428 -69.02345120
71.89388959 -69.51115116
71.49931982 -69.91614646
71.20719721 -70.21393509
71.18537109 -70.23596280
70.92998549 -70.49328197
70.85380717 -70.56963434
70.63656104 -70.78722101
70.41009314 -71.01337677
70.23505004 -71.18670287
69.83947913 -71.57422548
69.54750277 -71.85833067
69.30788174 -72.08968220
68.97201850 -72.41077599
68.83574414 -72.54034027
68.46622228 -72.88970716
68.08019234 -73.25161928
67.65190430 -73.64563778
67.36848621 -73.90440871
67.20469960 -74.05321167
67.05556672 -74.18864010
66.79095912 -74.42781136
66.52330274 -74.66715911
66.20340174 -74.95002740
66.01532614 -75.11573097
65.71718508 -75.37673594
65.31870623 -75.72335887
65.25589764 -75.77709548
64.93151240 -76.05421917
64.84114749 -76.13138703
64.50586247 -76.41709537
63.98656725 -76.85235496
63.58361419 -77.18651213
63.41005649 -77.32847451
63.07937921 -77.59877508
62.54473176 -78.02926913
62.40323334 -78.14272079
62.01912526 -78.44767342
61.94136572 -78.50906977
61.70379259 -78.69612160
61.54369658 -78.82110849
61.23807556 -79.05839337
60.88407808 -79.33222627
60.78926474 -79.40513551
60.61461307 -79.53819006
60.35932573 -79.73232434
60.27465945 -79.79664500
59.99253815 -80.00851990
59.72103269 -80.21133614
59.59547287 -80.30476136
59.29200251 -80.52919744
59.03787615 -80.71526157
58.89710021 -80.81795512
58.72898724 -80.94001739
58.49424503 -81.11028975
58.32638801 -81.23164375
57.86514714 -81.56045778
57.64675733 -81.71520674
57.34753078 -81.92489137
57.08998969 -82.10474295
56.78395319 -82.31685514
56.67036438 -82.39515741
56.39131643 -82.58607209
56.08035179 -82.79710381
56.00671471 -82.84706350
55.87189048 -82.93820992
55.67262934 -83.07164909
55.51801219 -83.17518054
55.36940454 -83.27459889
55.08268364 -83.46442901
54.80357354 -83.64748789
54.54931607 -83.81397347
54.49347791 -83.85043425
54.43083897 -83.89119819
54.35088970 -83.94286665
54.16023320 -84.06579370
53.84415153 -84.26932603
53.51404591 -84.48041499
52.93689975 -84.84342071
52.49747929 -85.11546724
52.32038449 -85.22365948
52.00965634 -85.41323638
51.83433212 -85.51976619
51.69897470 -85.60128020
51.50357707 -85.71866377
51.19722004 -85.90257240
50.81385924 -86.12976930
50.55847347 -86.27959825
50.26529892 -86.45159158
49.95063719 -86.63357176
49.67155692 -86.79350654
49.35173807 -86.97530238
49.17383595 -87.07640078
49.06583641 -87.13741871
48.92592691 -87.21631746
48.50078265 -87.45349500
48.40180588 -87.50823154
48.01079865 -87.72373608
47.81383534 -87.83083866
47.66360501 -87.91250057
47.49245664 -88.00523039
47.28242826 -88.11841091
46.86005820 -88.34293803
46.46662733 -88.55203022
46.04934316 -88.76840401
45.72498735 -88.93575045
45.56895153 -89.01613629
45.34997965 -89.12807223
45.05724471 -89.27629903
44.75516732 -89.42905266
44.52463963 -89.54399429
44.32275791 -89.64410684
44.15259031 -89.72764159
44.03938894 -89.78320893
43.74798825 -89.92562091
43.61767857 -89.98856408
43.25438282 -90.16383421
42.87229865 -90.34612757
42.71541355 -90.42080298
42.14002903 -90.69032833
41.86143240 -90.81943599
41.79331130 -90.85060504
41.19202125 -91.12519324
40.74060399 -91.32681136
40.57330063 -91.40139232
40.42437502 -91.46737483
40.10793827 -91.60650807
40.02638057 -91.64219280
39.76284625 -91.75671954
39.55466916 -91.84681034
39.35213187 -91.93336960
38.99724377 -92.08457994
38.86623554 -92.14003984
38.70839153 -92.20678780
38.36339560 -92.35076485
38.18869577 -92.42340686
37.92717058 -92.53128147
37.71075608 -92.61949615
37.51731083 -92.69807942
37.18647894 -92.83104345
36.71973128 -93.01732119
36.44025492 -93.12763793
35.79427509 -93.37746844
35.43124020 -93.51515426
35.23214186 -93.59062826
34.72345403 -93.78095973
34.31211235 -93.93134069
33.65556148 -94.16897989
33.39963599 -94.25978626
33.10457894 -94.36345139
32.89920112 -94.43524731
32.44564654 -94.59264152
32.14324411 -94.69602056
31.85705152 -94.79208966
31.22422134 -95.00236958
30.91261291 -95.10389912
30.63480238 -95.19437879
30.30818019 -95.29872523
30.06476538 -95.37521016
29.61378336 -95.51671814
29.14676470 -95.66021558
29.05642750 -95.68785206
28.84570826 -95.75211719
28.61172611 -95.82174875
28.11267768 -95.96979371
27.84557196 -96.04744073
27.51274688 -96.14283879
27.17540558 -96.23829990
26.98134431 -96.29314356
26.91015609 -96.31311039
26.73977346 -96.36067342
26.64681960 -96.38656466
26.25485285 -96.49355255
25.91001496 -96.58697763
25.73336984 -96.63413891
25.36662809 -96.73138849
25.16848793 -96.78376564
24.80203043 -96.87793025
24.60108033 -96.92912463
24.27815043 -97.01110647
23.71249397 -97.15033994
23.58971060 -97.18021200
23.37007305 -97.23362757
22.67922885 -97.39802898
22.08484148 -97.53431062
21.80131876 -97.59695268
21.16540018 -97.73739776
20.65439858 -97.84610976
20.42808280 -97.89337746
20.05694402 -97.97026392
20.01585319 -97.97872988
19.39803649 -98.10358657
19.04697513 -98.17211036
18.87562112 -98.20518525
18.59585770 -98.25816562
18.02165319 -98.36480345
17.63902514 -98.43544988
17.26345368 -98.50099778
17.03322363 -98.54064419
16.35221521 -98.65729506
15.93596281 -98.72474614
15.53295386 -98.78954565
15.13473611 -98.85002247
14.52475426 -98.94146571
14.45607942 -98.95175007
13.91004857 -99.03103095
13.68595883 -99.06162681
13.18155577 -99.12898363
12.85024168 -99.17283880
12.55803808 -99.21001094
12.28982299 -99.24399597
12.16621841 -99.25935149
11.65458703 -99.32060065
11.29810506 -99.36267224
10.83063789 -99.41379755
10.64903247 -99.43320583
10.52363708 -99.44653998
10.06620227 -99.49428793
9.94830466 -99.50610910
9.73152590 -99.52775172
9.47347119 -99.55238185
9.31029000 -99.56771356
8.84229479 -99.61050854
8.44214621 -99.64515555
8.05157781 -99.67870698
7.68338727 -99.70685861
7.28260913 -99.73685202
6.65059258 -99.78033325
6.09676498 -99.81749513
5.67787179 -99.84165576
4.92391260 -99.88140357
4.18255029 -99.91545815
3.66349693 -99.93558531
3.48194160 -99.94172092
3.01514029 -99.95701555
2.53645471 -99.96980394
2.22321878 -99.97722091
1.73962376 -99.98680897
1.42591635 -99.99192053
1.16220419 -99.99565867
1.01824094 -99.99717642
0.61178820 -100.00016575
0.13775524 -100.00329805
-0.39647716 -100.00126789
-0.44097438 -100.00104211
-0.92826592 -99.99776369
-1.06184985 -99.99648197
-1.28834582 -99.99409729
-1.77837445 -99.98597830
-2.04920938 -99.98136645
-2.32835565 -99.97508946
-2.56363454 -99.96945751
-2.87224825 -99.96124136
-3.19124121 -99.95122951
-3.36194968 -99.94561301
-3.54203724 -99.93942560
-3.78821812 -99.93006678
-4.30266881 -99.91005850
-4.56838867 -99.89760859
-4.62388835 -99.89499846
-5.16411419 -99.86935317
-5.45984278 -99.85314904
-5.96590998 -99.82364434
-6.27895350 -99.80438708
-6.45378786 -99.79320703
-6.76221736 -99.77299364
-6.98779392 -99.75769893
-7.48300057 -99.72278033
-7.60148233 -99.71341256
-7.95975071 -99.68457088
-8.36543418 -99.65135280
-8.63432576 -99.62849631
-8.90404215 -99.60503030
-9.26144554 -99.57249994
-9.84857653 -99.51651243
-10.11270338 -99.48940857
-10.33758548 -99.46614378
-10.68708848 -99.42938163
-10.79357556 -99.41780660
-10.95553657 -99.39992659
-11.41050302 -99.34932411
-11.75274930 -99.30984475
-11.96668601 -99.28412826
-12.68360197 -99.19454816
-12.85885889 -99.17191373
-13.20091420 -99.12695864
-13.48055666 -99.08916347
-13.87911708 -99.03488580
-14.15308931 -98.99601126
-14.34474756 -98.96817977
-14.52958194 -98.94099406
-14.69412333 -98.91669985
-14.92888007 -98.88171958
-15.40036555 -98.81067327
-15.61269024 -98.77687676
-16.18264206 -98.68524230
-16.70399620 -98.59712989
-17.14364295 -98.52192702
-17.28058940 -98.49794519
-17.54545390 -98.45120806
-18.18247077 -98.33578875
-18.37506956 -98.30033768
-18.84680309 -98.21072457
-19.05422836 -98.17020418
-19.44924516 -98.09291007
-19.58905062 -98.06507818
-20.06338220 -97.96964687
-20.53573872 -97.87207189
-21.00980462 -97.77001656
-21.51501982 -97.66086943
-21.86949601 -97.58193541
-22.25279549 -97.49565780
-22.44040099 -97.45268421
-22.68319973 -97.39623184
-22.90445986 -97.34410156
-23.17966202 -97.27838953
-23.39651654 -97.22648042
-23.82737006 -97.12221206
-24.11947707 -97.04991312
-24.47443374 -96.96121125
-25.05732402 -96.81188284
-25.47362407 -96.70345091
-25.79470267 -96.61872303
-25.90231906 -96.59029076
-26.15655716 -96.52104782
-26.45415506 -96.43966717
-26.80545869 -96.34336506
-27.36775587 -96.18422569
-27.60243888 -96.11769405
-28.29319222 -95.91686272
-28.63630383 -95.81447429
-29.09204190 -95.67689065
-29.47684503 -95.55889804
-29.59820517 -95.52124339
-29.84517556 -95.44442854
-30.24390181 -95.31957956
-30.53108455 -95.22776146
-30.86734417 -95.11958050
-31.01039335 -95.07267294
-31.15257982 -95.02589102
-31.57089748 -94.88802813
-31.61224572 -94.87422455
-32.00602332 -94.74209341
-32.36452404 -94.62053293
-32.78556440 -94.47551838
-32.85720657 -94.45061773
-33.17549837 -94.33902584
-33.48906730 -94.22795144
-33.56645345 -94.20048337
-33.68689708 -94.15755362
-34.05747252 -94.02422884
-34.20590114 -93.97019842
-34.47587888 -93.87166780
-34.72994700 -93.77829076
-35.33512087 -93.55167362
-35.62898410 -93.43961339
-36.00610180 -93.29477032
-36.28605404 -93.18654016
-36.67403332 -93.03451105
-36.78385960 -92.99111225
-37.13401770 -92.85206200
-37.33877785 -92.76982889
-37.69257565 -92.62724739
-37.82164168 -92.57452724
-38.25666447 -92.39507543
-38.57598851 -92.26291345
-38.98153305 -92.09156559
-39.06877036 -92.05451117
-39.15039674 -92.01961943
-39.39144575 -91.91651046
-39.82028643 -91.73254760
-40.39681455 -91.47955595
-40.58370143 -91.39648054
-40.82491879 -91.28899910
-41.09973821 -91.16641485
-41.39877401 -91.03080173
-41.61515528 -90.93155922
-41.74562368 -90.87164913
-41.77465805 -90.85827780
-42.32246940 -90.60522015
-43.01066264 -90.28117122
-43.48138055 -90.05422007
-43.82605267 -89.88774275
-44.01078144 -89.79749529
-44.40500843 -89.60224326
-44.89556604 -89.35779920
-45.03525829 -89.28792036
-45.23849637 -89.18476541
-45.69528387 -88.95184779
-45.89906972 -88.84791058
-46.64145293 -88.46166019
-47.58063688 -87.95819977
-47.76652103 -87.85731261
-48.07699026 -87.68695233
-48.34201514 -87.54119550
-48.77560123 -87.30139191
-49.50363115 -86.88956738
-49.89609535 -86.66460892
-50.10853402 -86.54159695
-50.46001190 -86.33713172
-50.67270933 -86.21310671
-50.94943117 -86.05137518
-51.32725738 -85.82558219
-51.70393396 -85.59955068
-51.96831301 -85.43949121
-52.02074524 -85.40727087
-52.57185147 -85.06859412
-52.83434511 -84.90619573
-52.91941269 -84.85294927
-53.38801612 -84.55865144
-53.67797224 -84.37478515
-54.04396947 -84.14125023
-54.61980346 -83.76898477
-54.99743567 -83.52178702
-55.28258069 -83.33376507
-55.61087004 -83.11441202
-55.95006055 -82.88642609
-56.36074437 -82.60759258
-56.45316807 -82.54455087
-57.13176182 -82.07713309
-57.51279882 -81.80993353
-57.74312959 -81.64652192
-57.91115527 -81.52719724
-58.02497016 -81.44630270
-58.40337395 -81.17705901
-58.99835824 -80.74482762
-59.12555965 -80.65149851
-59.13640937 -80.64349678
-59.69598638 -80.23009315
-59.75134658 -80.18889849
-60.21486992 -79.84196404
-60.56982045 -79.57263170
-60.96989057 -79.26546514
-61.23151984 -79.06433918
-61.28182308 -79.02538128
-61.52601653 -78.83568408
-62.05792877 -78.41777168
-62.30376158 -78.22253890
-62.42292390 -78.12738147
-62.47188958 -78.08826606
-62.72707432 -77.88344573
-63.10742611 -77.57513846
-63.24790959 -77.46017355
-63.59288964 -77.17714806
-63.70924472 -77.08108475
-64.06324936 -76.78756899
-64.35667491 -76.54272271
-64.64047911 -76.30265502
-65.11349235 -75.90021572
-65.46921299 -75.59174376
-65.58805299 -75.48849308
-65.77853724 -75.32212485
-66.32555671 -74.84337535
-66.74663992 -74.46687833
-67.00931626 -74.23127593
-67.18993312 -74.06781267
-67.62187171 -73.67332593
-67.68729200 -73.61343285
-68.16392264 -73.17288325
-68.73566227 -72.63604184
-69.03647869 -72.34911451
-69.25017337 -72.14401642
-69.48407351 -71.91935989
-69.62556551 -71.78244407
-69.78725349 -71.62547936
-70.02408731 -71.39371639
-70.34657696 -71.07635822
-70.57072035 -70.85394804
-70.84112252 -70.58356865
-71.33625428 -70.08287874
-71.69202724 -69.71934281
-71.89728859 -69.50699576
-72.12391141 -69.27204342
-72.46609434 -68.91356146
-72.71034913 -68.65728443
-73.29475581 -68.03208647
-73.52408437 -67.78417862
-73.80853049 -67.47470889
-73.88115000 -67.39510227
-74.15424504 -67.09396191
-74.46485674 -66.74878742
-74.64004996 -66.55309398
-74.78427250 -66.39179061
-75.02144214 -66.12338211
-75.18760493 -65.93349507
-75.56701169 -65.49909501
-75.62092954 -65.43654048
-75.75948087 -65.27579002
-75.80487173 -65.22298762
-76.07848933 -64.90388652
-76.33679701 -64.60051334
-76.46549056 -64.44754727
-76.60232594 -64.28444940
-76.73123042 -64.13039607
-76.86071879 -63.97558167
-77.17824763 -63.59351754
-77.28620595 -63.46153309
-77.41288740 -63.30662278
-77.45684724 -63.25276360
-77.73722647 -62.90765998
-77.83295296 -62.78933671
-78.19922136 -62.33477530
-78.55782101 -61.88200696
-79.09797734 -61.18766770
-79.23629080 -61.00929640
-79.59806187 -60.53591991
-79.68949916 -60.41547836
-79.99694013 -60.00755342
-80.21077001 -59.72264749
-80.28879744 -59.61762983
-80.59288342 -59.20598282
-80.67855450 -59.08862260
-80.85426195 -58.84722006
-81.14003958 -58.45432194
-81.26048811 -58.28555951
-81.49764153 -57.95301454
-81.65347429 -57.73306975
-81.88252011 -57.40870140
-81.94819027 -57.31551817
-82.19398792 -56.96188914
-82.44484440 -56.59835903
-82.75485996 -56.14244649
-82.90626175 -55.91965767
-82.97396345 -55.81940259
-83.12727561 -55.59061779
-83.36566079 -55.23443216
-83.66211937 -54.78231300
-83.89174448 -54.42983162
-84.19503766 -53.96064252
-84.34677412 -53.72254869
-84.57232888 -53.36615849
-84.71274090 -53.14308898
-84.87321107 -52.88656809
-85.08395066 -52.54586507
-85.14660887 -52.44454345
-85.27874189 -52.22988699
-85.66086727 -51.60267715
-85.88028850 -51.23534076
-86.27985581 -50.56128967
-86.52466649 -50.13990277
-86.86524195 -49.54689069
-86.94836037 -49.40087143
-87.11284893 -49.10996997
-87.38026387 -48.63243575
-87.56002334 -48.30742978
-87.65372582 -48.13791896
-87.90357874 -47.67964054
-88.04198429 -47.42488771
-88.23365095 -47.06724768
-88.40199117 -46.74998418
-88.49391468 -46.57596589
-88.79340469 -46.00320115
-88.91614899 -45.76404644
-89.10257607 -45.40076104
-89.38098077 -44.85002514
-89.77011754 -44.07038150
-90.03391714 -43.52551685
-90.42422330 -42.71058244
-90.58093005 -42.37549202
-90.87217992 -41.74591887
-90.89759876 -41.69044103
-90.99454681 -41.47799132
-91.21550749 -40.99062499
-91.45489183 -40.45311427
-91.56970373 -40.19387971
-91.65217616 -40.00439115
-91.83769449 -39.57587439
-91.93350613 -39.35162697
-92.01051708 -39.17136748
-92.18018717 -38.77241066
-92.34656336 -38.37401237
-92.47387860 -38.06590366
-92.54785891 -37.88592153
-92.67540609 -37.57224227
-92.72305595 -37.45431534
-92.84641724 -37.14765113
-93.03054969 -36.68527804
-93.14832256 -36.38649211
-93.28203050 -36.04037377
-93.37252311 -35.80564618
-93.41701925 -35.68945135
-93.48871734 -35.50072606
-93.64856332 -35.07718273
-93.78677386 -34.70678379
-93.93163846 -34.31287670
-94.07208149 -33.92380976
-94.18559294 -33.60842322
-94.34032284 -33.17006642
-94.43880182 -32.88976608
-94.50849329 -32.68916182
-94.62243747 -32.35778284
-94.78543370 -31.87974884
-94.88321765 -31.58635343
-95.02015574 -31.17018417
-95.11767063 -30.87231551
-95.23641464 -30.50367380
-95.27117617 -30.39556000
-95.38655026 -30.02944971
-95.43386481 -29.87888157
-95.46411523 -29.78183897
-95.61208538 -29.30303977
-95.74270998 -28.87609292
-95.83197931 -28.57962825
-95.85535937 -28.50130015
-95.95761880 -28.15386252
-96.06095597 -27.79711911
-96.18071131 -27.38088560
-96.22339996 -27.22964677
-96.34064633 -26.81118285
-96.51500902 -26.18134130
-96.55823302 -26.02384080
-96.80466411 -25.08885556
-96.94122655 -24.55486150
-96.96634818 -24.45438494
-97.06473744 -24.05964260
-97.11284998 -23.86586095
-97.18637533 -23.56503808
-97.21888862 -23.43009453
-97.26367443 -23.24314516
-97.29793437 -23.10009169
-97.36824683 -22.79964388
-97.39197985 -22.69769990
-97.43590956 -22.50812940
-97.47709169 -22.32876765
-97.52310890 -22.12805735
-97.61022226 -21.74097211
-97.64579298 -21.58211808
-97.74870767 -21.10923774
-97.79739588 -20.88257121
-97.85601770 -20.60637402
-97.98065389 -20.00831304
-98.05412358 -19.64469083
-98.12888977 -19.26669223
-98.21691446 -18.81219293
-98.29549641 -18.39862678
-98.34036275 -18.15778725
-98.39244052 -17.87333885
-98.45399019 -17.53489207
-98.54306121 -17.02103444
-98.59398135 -16.72374893
-98.64376860 -16.42587683
-98.69839608 -16.09688756
-98.76862830 -15.66257533
-98.79613981 -15.48846560
-98.87453608 -14.97886399
-98.91735471 -14.69335312
-99.02391928 -13.95979156
-99.08807461 -13.49428787
-99.15150661 -13.01280423
-99.16609851 -12.90027439
-99.19262536 -12.69568603
-99.23765679 -12.34134886
-99.27464636 -12.04711015
-99.30313541 -11.81019183
-99.36335784 -11.28863190
-99.37934967 -11.14574406
-99.43806998 -10.60502000
-99.45657197 -10.43027286
-99.47859400 -10.21713306
-99.52304615 -9.78158182
-99.55379916 -9.45490387
-99.58199732 -9.15389595
-99.60385063 -8.91734384
-99.62325881 -8.69796812
-99.63860928 -8.51639137
-99.66183706 -8.24109712
-99.71625438 -7.55737355
-99.73366529 -7.32053207
-99.74433371 -7.17452955
-99.78722360 -6.54949682
-99.79052936 -6.49856548
-99.81335335 -6.14041474
-99.83353898 -5.80305787
-99.85764255 -5.38167034
-99.86807982 -5.18011645
-99.89200572 -4.69777289
-99.90995957 -4.30042487
-99.92952570 -3.84361074
-99.94611233 -3.36844686
-99.96699715 -2.68124712
-99.97349840 -2.39499447
-99.98456561 -1.87357884
-99.98952762 -1.59012880
-99.99240199 -1.40765436
-99.99324885 -1.34417713
-99.99477616 -1.22515782
-99.99927089 -0.84977216
-100.00181404 -0.45265014
