0.07496112 -0.03251166
0.93692183 0.40112782
0.99867443 -0.49608898
1.01836852 -0.52897040
0.86063824 -0.47358616
0.45716539 -0.34966258
-0.99850254 0.14332836
0.85484296 0.53198425
0.94863771 0.08139772
0.94544521 0.12522406
0.98272187 -0.44904935
-1.01145767 0.12205856
0.49889222 0.83036989
-0.84086162 0.60162944
1.25053096 -0.48052990
0.10331614 0.05438782
-0.94843829 0.29860882
0.01950338 0.23259681
1.25161794 -0.38168580
0.90413100 0.38466936
0.99622325 0.43820878
0.39533348 1.02282169
-0.05006044 1.02265969
0.39231217 -0.30792672
-0.93611959 0.50792334
-0.93798362 0.37085865
0.05004728 0.99697664
0.09065602 0.26956251
-0.20687031 0.97299712
1.79414544 -0.07592329
0.02804943 -0.00562712
-0.98931747 0.13036983
-0.48161080 0.91744564
0.89381308 0.55736162
-0.19366968 1.00789736
0.95596135 -0.04755468
0.68244952 -0.38082173
0.42347706 -0.33517048
0.13620932 0.12961061
0.22461270 -0.07955150
1.00300551 0.09398307
-0.35202533 0.83929250
-0.82880803 0.35939825
0.03493737 0.52776079
0.93245715 0.40783685
1.75380521 -0.27038844
1.70661649 -0.22811816
-0.92138398 -0.06563794
-0.63663299 0.79994406
-0.05127776 0.47352605
-0.07625308 0.97741070
0.01650430 0.45382874
1.64720863 -0.38263181
0.37324885 0.92245964
-0.94239075 0.06524414
0.69834625 -0.46837328
1.90450421 -0.03925786
1.89509479 0.20606262
0.94189815 0.21573983
1.41968594 -0.49551690
-0.34544714 0.96755421
-0.96941557 0.41811805
1.86366316 -0.07172960
-0.02273289 0.98090518
-0.65490657 0.79903403
0.62080710 0.66651797
0.90717845 -0.44558934
1.99739058 0.50225255
0.32336629 1.03503672
2.03007537 0.33425889
0.10010450 1.00964845
0.06693711 0.19593997
0.70151239 0.74553764
-0.94248205 0.28619822
0.45704311 0.86759434
1.89249004 -0.01210165
1.79062627 -0.18432157
0.17348814 1.04364957
-0.93980570 0.27271303
0.38829466 0.93178996
1.32768350 -0.44407812
0.37222799 -0.23760238
-1.03539965 -0.02432534
0.94561444 0.23381523
0.87730162 0.44572714
1.92517760 0.23638273
0.11226272 1.04338909
0.22448652 -0.15933072
1.05703468 -0.49697018
-0.00619682 0.40871709
0.07913644 0.96632958
-0.19736076 0.97615151
0.16655757 0.01214392
-0.92282467 0.02140322
-0.98396204 0.33195513
0.43607935 0.85952349
-0.59840332 0.82437916
1.27428670 -0.44615387
1.41225208 -0.45949922
1.69446938 -0.24175562
0.27642675 -0.12126158
0.82308058 0.60150348
-0.26302280 0.98241140
-0.69586140 0.72488846
1.27834352 -0.47543626
-0.40154347 0.96773040
0.72930599 -0.57228093
0.83351606 -0.50277750
0.67045347 -0.47798087
2.02613895 0.47516407
0.98983115 0.14343173
0.79064653 0.72175748
1.01388073 0.42097015
0.00875936 0.07199811
0.60289152 0.81287485
0.54840463 -0.40630826
1.91668695 0.38305147
-0.67823777 0.70870709
0.68256254 0.62064596
1.94250669 0.29947180
1.53340564 -0.24600563
1.61578473 -0.35089868
1.08977266 -0.45283093
-0.50667053 0.89904866
-0.59269145 0.71031581
1.95714682 0.23623926
1.20036427 -0.37428089
0.81240173 -0.49329513
-0.07893175 0.49294622
1.46899207 -0.37385504
1.05576121 0.25648023
0.96560694 -0.52296910
1.78732993 -0.05229994
1.73340845 -0.15066738
0.10608777 1.00120610
1.71205530 -0.22180797
1.84329816 -0.00474760
1.73504321 -0.19672263
0.41155208 0.94105191
2.03526191 0.11209405
0.36163341 0.86645450
0.55718258 -0.35148541
0.24499725 0.92202299
0.62834334 0.73858330
0.06096799 0.41982812
0.22775477 -0.21108719
0.23928564 1.04851516
-0.86762615 0.50287434
0.43370306 -0.22447393
0.63993438 -0.44088513
1.42060659 -0.48762456
-0.44247513 0.88618108
0.98372462 0.39174329
1.49603686 -0.42771399
-0.61511024 0.87183787
0.35052002 0.94037816
0.21248879 -0.05526015
-0.80997257 0.57857773
1.87488165 0.15282656
-0.00224197 0.99300606
1.77403795 -0.10722024
-0.27636907 0.97174739
0.19457980 0.98874570
0.65823724 0.74925560
0.28717815 -0.15385108
-0.90279112 0.38650131
0.88435916 -0.48136434
-0.34035681 0.93377163
-0.44255646 0.84584694
0.31858969 -0.29288393
2.01755690 0.39176913
1.95218861 0.33684645
0.41882428 -0.29423032
1.67382086 -0.27519038
0.13320247 0.11050088
-0.92946491 0.35682758
0.92510011 0.43482330
1.14293219 -0.44236949
0.33309412 -0.18552026
0.46188017 -0.38544427
0.56872821 0.79819752
0.46060576 -0.35638997
0.88813149 0.30828667
1.91341362 0.09980307
-0.58612553 0.85853407
0.00424662 0.20139510
1.43798023 -0.40971578
0.65900915 0.75049158
1.77698523 0.03742090
-0.70794607 0.62505730
-0.69466474 0.65536648
0.97334700 0.11121950
0.72244398 0.67547418
-0.39241725 0.92938017
-0.83599453 0.55078162
1.91883954 0.35293044
-0.83779450 0.61779579
0.04306600 0.26539669
-0.04831008 0.32987995
0.67004627 -0.43756533
