0.00000000 0.09808768
0.06500065 0.11250658
0.33000330 0.16565266
1.03101031 0.30396851
1.14901149 0.32716492
1.20501205 0.33814627
1.48601486 0.39222037
1.93201932 0.47628106
2.19902199 0.52496874
2.58202582 0.59330838
2.91602916 0.65062038
2.99402994 0.66308681
3.24203242 0.70234220
3.66503665 0.76812211
3.88203882 0.80060480
4.21604216 0.84638039
4.32304323 0.86050679
4.67104671 0.90263041
4.97104971 0.93777925
5.32305323 0.97450219
5.56705567 0.99677530
5.78805788 1.01441111
6.09506095 1.03859157
6.19506195 1.04499357
6.64106641 1.07050170
7.03507035 1.08616771
7.26107261 1.09129202
7.48107481 1.09558842
7.85407854 1.09798446
7.92907929 1.09800586
39.06739067 1.09894632
70.81270813 1.09939150
99.99699997 1.00876366
100.00000000 0.99982919
99.99899999 0.88659279
99.99799998 0.85279550
99.98999990 0.81893939
99.97099971 0.81334116
91.54091541 -0.61509455
91.11491115 -0.68587995
91.06491065 -0.69394738
90.87890879 -0.72341928
90.69990700 -0.75120857
90.54590546 -0.77406526
90.07090071 -0.84152127
89.82789828 -0.87234352
89.78489785 -0.87769781
89.57089571 -0.90366661
89.38389384 -0.92555103
88.99989000 -0.96690589
88.96588966 -0.97032556
88.57488575 -1.00619190
88.23688237 -1.03207899
88.19288193 -1.03543626
88.03288033 -1.04650409
87.65387654 -1.06831811
87.52087521 -1.07351318
87.03487035 -1.09107086
86.85386854 -1.09522364
86.75086751 -1.09648425
86.63986640 -1.09765635
86.46086461 -1.09895365
54.95954960 -1.09971673
23.54123541 -1.09942294
23.40923409 -1.09933977
23.14223142 -1.09515038
22.91822918 -1.09011718
22.65622656 -1.08319891
22.54522545 -1.07914979
0.04000040 -0.08963847
0.01000010 -0.07914469
0.00900009 -0.07782658
0.00300003 -0.06480615
0.00100001 -0.03975909
