-99.99737149 42.79955596
-99.98841032 93.86994995
-99.94516949 99.56572885
-98.78516847 99.88988988
-92.29871957 99.97936067
-25.06760739 99.99940910
77.30829259 99.99690965
90.76267469 99.93084830
97.71989636 99.84439248
99.36452665 99.78808742
99.91728506 99.10393506
99.98189925 98.50021093
99.98625587 84.53177925
99.99584558 42.42687501
99.99946269 11.89324848
99.99226048 -78.30068388
99.98556459 -83.64094030
99.95676730 -97.20312043
99.79042434 -99.51577161
99.50482050 -99.82809279
97.73232058 -99.97120551
94.84574289 -99.97839884
44.55781247 -99.99717217
-28.67679752 -99.99377581
-97.27931711 -99.97402459
-99.73730792 -99.89407817
-99.87475742 -98.73771615
-99.97806528 -94.67003093
-99.99722340 -58.37682133
