0.00000000 -0.09880758
0.00200002 0.09399734
0.02000020 0.09967654
0.32400324 0.16434377
0.76100761 0.25116465
1.27701277 0.35210845
1.63801638 0.42117069
2.05902059 0.49998386
2.39202392 0.55989538
2.74802748 0.62150319
3.05503055 0.67356317
3.63203632 0.76357795
3.92603926 0.80597144
4.05004050 0.82326555
4.27504275 0.85409680
4.47504475 0.88007354
4.93004930 0.93317696
5.22705227 0.96473164
5.59105591 0.99796257
5.76005760 1.01213498
5.91205912 1.02438014
5.97205972 1.02920202
6.12306123 1.04052379
6.33506335 1.05297876
6.66106661 1.07105077
6.78206782 1.07631010
6.90806908 1.08169519
6.93406934 1.08269483
7.00607006 1.08522902
7.14907149 1.09007005
7.18407184 1.09093894
7.23407234 1.09214041
7.40107401 1.09579160
7.62307623 1.09867561
7.90407904 1.09993866
22.39422394 -1.07219708
22.65822658 -1.08340681
22.70122701 -1.08493885
23.20623206 -1.09746255
23.57523575 -1.09976570
55.09555096 -1.09936238
70.55670557 1.09952594
70.60470605 1.09946119
70.89370894 1.09861055
86.47186472 -1.09855215
86.89586896 -1.09452399
86.98886989 -1.09189302
87.55987560 -1.07250948
87.77587776 -1.06104714
87.80987810 -1.05921434
88.01688017 -1.04710255
88.02688027 -1.04651073
88.33188332 -1.02429251
88.51488515 -1.01076289
88.66288663 -0.99738089
89.05389054 -0.96039009
89.17989180 -0.94810269
89.24389244 -0.94121348
89.40789408 -0.92321628
89.47189472 -0.91590991
89.62089621 -0.89863141
90.00090001 -0.84988871
90.03090031 -0.84583277
90.33990340 -0.80384736
90.57890579 -0.76833133
90.93890939 -0.71288846
91.36691367 -0.64429924
91.54391544 -0.61474817
99.96499965 1.00752314
99.97899979 0.81164340
99.98899989 0.82098133
99.99399994 0.83191109
99.99799998 1.00541533
99.99899999 0.96709004
100.00000000 0.90337088
