63.80696356 -99.99574082
-40.22385905 -99.99304098
-99.02470974 -99.97229128
-99.43908819 -99.52736298
-99.71968347 -98.82568413
-99.91538161 -96.41852332
-99.91963164 -96.14534169
-99.99424767 -88.10732870
-99.99644452 -83.66526693
-99.99752892 -56.56969922
-99.99999225 50.20424337
-99.98527777 75.31916965
-99.98111468 80.13458491
-99.96784849 88.47823616
-99.95989458 91.73896139
-99.93768706 95.53131613
-99.71817755 99.66130877
-98.54371733 99.75193905
-93.80351398 99.99416709
28.65611401 99.99840045
91.14486351 99.99841450
94.70140155 99.98691345
99.21513994 99.79101971
99.94489757 98.73584858
99.98723830 89.02288979
99.99188887 70.92329859
99.99968130 -2.30302305
99.99825070 -69.48708545
99.95628016 -86.79867534
99.90604387 -97.31270600
99.68114772 -99.33090003
99.42612680 -99.92241927
99.05332440 -99.95645888
85.76401139 -99.97442480
