-100.00177449 -0.00034790
-100.00176662 0.02497537
-100.00122920 0.44513399
-99.99684969 0.98054144
-99.99422959 1.21998132
-99.99337250 1.28821080
-99.99043701 1.50364923
-99.98781579 1.68334939
-99.98274309 2.00298670
-99.98215989 2.03567282
-99.97514122 2.32344223
-99.96207854 2.84011849
-99.94886480 3.25351514
-99.93659741 3.61175146
-99.92623399 3.89551258
-99.90840958 4.32908794
-99.89602799 4.60875257
-99.87952568 4.94226397
-99.84664129 5.58262050
-99.81920360 6.04083479
-99.79563357 6.43155685
-99.73994153 7.25732023
-99.70279967 7.73947970
-99.66628531 8.19019681
-99.63668874 8.53492029
-99.62865157 8.62790364
-99.60053160 8.94771536
-99.59658176 8.99156643
-99.55812640 9.41712894
-99.55490783 9.45004727
-99.49373055 10.07463166
-99.47986853 10.21089602
-99.41093450 10.86767426
-99.36893819 11.23584840
-99.28840179 11.92879648
-99.24147105 12.30893460
-99.19248502 12.69598758
-99.14352907 13.07792956
-99.11057618 13.32575290
-99.02128688 13.97312299
-98.95409211 14.43875866
-98.90980660 14.74307619
-98.84463023 15.17173497
-98.80864171 15.40206564
-98.77277204 15.63102149
-98.73455178 15.87326944
-98.64274377 16.43713637
-98.54252563 17.02605771
-98.53296786 17.08098798
-98.48629441 17.34700038
-98.37992578 17.94112160
-98.33177199 18.20706316
-98.29162344 18.41733362
-98.20314555 18.88048621
-98.15553928 19.12842536
-98.06627553 19.58139027
-97.99825970 19.92034547
-97.91898384 20.31032756
-97.78017824 20.96216211
-97.69152616 21.37397320
-97.59774873 21.79708105
-97.54570821 22.02975590
-97.52649856 22.11407701
-97.46576411 22.37892296
-97.41472059 22.59945844
-97.39509204 22.68411442
-97.33827907 22.92822789
-97.25251837 23.28943141
-97.18531214 23.56968722
-97.12469162 23.81692115
-97.05112955 24.11440721
-96.92536662 24.61565238
-96.86056219 24.87104695
-96.73899181 25.33718094
-96.73280890 25.36075292
-96.68262702 25.55059451
-96.57944238 25.94058712
-96.37093397 26.70483976
-96.21690240 27.25276186
-96.19299490 27.33670353
-96.10151403 27.65661529
-95.98471270 28.06270277
-95.82890135 28.58675631
-95.65413274 29.17178923
-95.38223025 30.04711255
-95.33682999 30.18945539
-95.14531789 30.78811251
-95.12009214 30.86652834
-94.91602411 31.48693116
-94.79019431 31.86262467
-94.74403960 32.00026930
-94.71010581 32.10076428
-94.63129426 32.33277904
-94.53288221 32.61814264
-94.41761065 32.95070464
-94.33900022 33.17636176
-94.23577794 33.46735051
-94.05858188 33.96344956
-94.03703106 34.02332710
-93.95474182 34.25097756
-93.67763766 35.00294559
-93.49562155 35.48250256
-93.40199727 35.72896166
-93.24509996 36.13635974
-93.10270157 36.50329582
-92.83587681 37.17459452
-92.71397522 37.47801346
-92.44284899 38.14251603
-92.30717072 38.47180423
-92.04648328 39.09162594
-91.87677924 39.48547250
-91.72978281 39.82581292
-91.57109265 40.18876050
-91.29426944 40.81448367
-91.08359513 41.28496079
-90.80544013 41.89033281
-90.71419526 42.08657302
-90.64101395 42.24373178
-90.53497006 42.47137621
-90.51061337 42.52350651
-90.28001270 43.01119911
-90.04430468 43.50233511
-89.79176555 44.02290635
-89.65614938 44.29775453
-89.60028275 44.41074083
-89.52650987 44.55847209
-89.48701699 44.63742541
-89.42777637 44.75576923
-89.32703015 44.95684154
-89.21139459 45.18664426
-89.14905890 45.31041206
-88.92530464 45.74600184
-88.62469784 46.32755068
-88.37468616 46.80018786
-88.26404820 47.00933820
-88.16341639 47.19945969
-87.77193133 47.92171928
-87.67169241 48.10510017
-87.62303093 48.19371669
-87.25641268 48.85726372
-87.04487877 49.23060882
-86.81535284 49.63449934
-86.65230663 49.91880667
-86.38213681 50.38488129
-86.14713097 50.78541257
-85.98946129 51.05125090
-85.90273109 51.19675999
-85.66666273 51.59076131
-85.56926619 51.75202383
-85.53259805 51.81241531
-85.27911033 52.22889388
-85.18952129 52.37488372
-85.14720976 52.44373149
-85.04231681 52.61404214
-84.94579905 52.77043706
-84.71270815 53.14395596
-84.64337984 53.25470535
-84.29900629 53.79755057
-84.10651942 54.09734913
-83.94331872 54.35049410
-83.84094056 54.50790704
-83.71296724 54.70430127
-83.57975154 54.90824637
-83.52043315 54.99880203
-83.23622601 55.42635360
-83.19044794 55.49517059
-83.01572781 55.75631880
-82.96323497 55.83459247
-82.92469188 55.89178917
-82.77746766 56.11003357
-82.22350444 56.92144914
-81.89678699 57.38763868
-81.62941079 57.76784542
-81.38890449 58.10597316
-81.19132707 58.38249149
-81.04087904 58.59129827
-80.94836077 58.71823526
-80.73277163 59.01325898
-80.53696926 59.28100441
-80.15816868 59.79215922
-80.09843240 59.87207706
-79.92825017 60.09863378
-79.67046000 60.44079719
-79.43210344 60.75407448
-79.33890214 60.87558279
-79.17140312 61.09304072
-79.03674833 61.26675785
-78.79769613 61.57364436
-78.66637850 61.74209182
-78.41381589 62.06209507
-78.35883022 62.13160043
-78.27162283 62.24135016
-78.22514423 62.29982371
-78.04912130 62.52055290
-77.96252510 62.62885425
-77.78945620 62.84406138
-77.71382076 62.93721846
-77.31673736 63.42528914
-76.88070802 63.95176848
-76.65836293 64.21760660
-76.56555917 64.32838069
-76.33511621 64.60204594
-76.17516948 64.79016493
-75.95700652 65.04583886
-75.52198823 65.55140105
-75.10870083 66.02332039
-74.73809625 66.44290894
-74.49938290 66.71177366
-74.04768944 67.21212093
-73.78287398 67.50269514
-73.46806199 67.84561457
-73.28955794 68.03794025
-73.18283531 68.15277976
-73.02743597 68.31838506
-72.69145967 68.67618069
-72.60024946 68.77228963
-72.47602173 68.90297617
-72.28939319 69.09880524
-72.17132680 69.22198481
-71.89178264 69.51227320
-71.73953762 69.67023287
-71.42940163 69.98813869
-71.23884840 70.18300354
-70.83265726 70.59105872
-70.66306756 70.76133299
-70.59627440 70.82831597
-70.51827522 70.90607054
-70.37805189 71.04489611
-70.27942621 71.14244443
-69.82749470 71.58684594
-69.54696390 71.85836283
-69.30319869 72.09411983
-68.95451515 72.42826710
-68.43814252 72.91544210
-68.26309768 73.07873239
-68.10299897 73.22802241
-67.82189371 73.49006054
-67.63224033 73.66442390
-67.19144149 74.06525337
-67.13913804 74.11278037
-66.90744101 74.32299650
-66.68764746 74.51991922
-66.40148624 74.77512809
-66.10823212 75.03397110
-65.79727649 75.30672619
-65.51346291 75.55391058
-65.23093905 75.79812875
-65.06990664 75.93655197
-64.98396921 76.01034653
-64.57623137 76.35798054
-64.12599055 76.73435645
-63.77736515 77.02422744
-63.67571012 77.10853592
-63.47155384 77.27697360
-63.29228278 77.42427073
-63.17519807 77.52032501
-62.92112444 77.72664815
-62.45083101 78.10373994
-62.30466017 78.22030302
-62.14198075 78.34968773
-61.78629130 78.63193776
-61.27181545 79.03335687
-60.90435210 79.31647608
-60.87410997 79.33965557
-60.34438866 79.74293966
-60.25405173 79.81139707
-60.12267598 79.91090933
-59.93802316 80.04915137
-59.57090778 80.32293231
-59.25710924 80.55515318
-59.01302260 80.73336224
-58.85625274 80.84763954
-58.62317383 81.01645332
-58.59156168 81.03932712
-58.27978498 81.26411470
-58.15690460 81.35191362
-57.88257445 81.54791618
-57.58249146 81.75934472
-57.40408056 81.88500571
-57.35352754 81.92057861
-57.22336523 82.01159609
-57.07450793 82.11537246
-56.90294091 82.23413136
-56.77461212 82.32288516
-56.66573453 82.39791786
-56.29329977 82.65309300
-55.72565881 83.03688211
-55.60041441 83.12030646
-55.26603627 83.34288939
-55.13461584 83.43001275
-54.86666503 83.60619836
-54.59788469 83.78217570
-54.24647955 84.01094736
-53.92238480 84.21930783
-53.74311218 84.33421746
-53.41962734 84.53901795
-52.92488538 84.84980823
-52.69970061 84.98895985
-52.52434973 85.09730204
-52.04800115 85.39047263
-51.69176477 85.60605447
-51.42715986 85.76551452
-51.25589808 85.86794119
-50.84047786 86.11432081
-50.63124384 86.23794261
-50.49475634 86.31853533
-49.82560601 86.70593377
-49.44371849 86.92419945
-49.20763201 87.05787729
-48.80868232 87.28129236
-48.50212621 87.45296056
-48.16934233 87.63585540
-48.10607766 87.67062296
-47.96704217 87.74691301
-47.77306646 87.85325370
-47.30508115 88.10673223
-47.20588532 88.16012558
-46.61598187 88.47354797
-46.44400191 88.56326454
-46.14200939 88.72073950
-46.02084704 88.78346563
-45.75833010 88.91883120
-45.32326720 89.14176162
-45.04184131 89.28500752
-44.59672215 89.50737124
-44.41114769 89.59938184
-44.04062217 89.78243981
-43.68624384 89.95565028
-43.35614267 90.11489239
-42.84688389 90.35803912
-42.63682706 90.45782602
-42.37542025 90.58168002
-41.83745592 90.82967564
-41.41649673 91.02338152
-40.58263044 91.39879561
-39.93999953 91.67936295
-39.71696323 91.77630253
-39.44834919 91.89206430
-39.35741279 91.93109824
-39.09215531 92.04481961
-38.69798562 92.21118633
-38.17628661 92.42955763
-37.82220023 92.57389063
-37.60069858 92.66415812
-37.19264221 92.82873352
-37.05703749 92.88287099
-36.76581746 92.99826848
-36.51389378 93.09772940
-36.05898845 93.27506014
-35.99293117 93.30072792
-35.94552445 93.31893499
-35.40199504 93.52608434
-34.89542965 93.71649570
-34.45302926 93.87954346
-34.38398888 93.90491604
-33.99303779 94.04759657
-33.59731447 94.19019962
-33.49480545 94.22650170
-33.20603145 94.32813377
-33.11037667 94.36172200
-32.72055777 94.49813226
-32.44593823 94.59298570
-31.84675208 94.79566108
-31.53678420 94.89968046
-31.26899979 94.98818230
-30.89122022 95.11124334
-30.68239723 95.17909045
-30.53188795 95.22795456
-30.13716487 95.35275492
-29.77766477 95.46635070
-29.48079522 95.55823644
-28.90577050 95.73346531
-28.72448752 95.78840477
-28.37110384 95.89315754
-28.05092748 95.98745773
-27.71230321 96.08644073
-27.36846269 96.18448537
-27.13224453 96.25135578
-26.93923860 96.30546980
-26.56321419 96.41016147
-26.04930842 96.55120406
-25.66167644 96.65455312
-25.08315888 96.80475785
-24.91392617 96.84864667
-24.55984119 96.93957495
-24.47891551 96.96011506
-24.43205207 96.97193159
-24.06609786 97.06349867
-23.88220524 97.10840350
-23.58310631 97.18143294
-23.42448290 97.21980855
-22.92892079 97.33838070
-22.68983123 97.39385298
-22.35951949 97.47047295
-21.80300635 97.59669308
-21.58909517 97.64372771
-21.42804985 97.67911108
-21.26285715 97.71510716
-20.63752727 97.85007411
-20.42184546 97.89483576
-19.95056170 97.99159493
-19.62166548 98.05816457
-19.37372405 98.10706779
-19.27489160 98.12641466
-19.05339983 98.16953283
-18.67163929 98.24369230
-18.19381643 98.33377301
-17.86749649 98.39285480
-17.77370878 98.40972461
-17.41702666 98.47358837
-17.25358184 98.50244587
-16.80191489 98.58071327
-16.58075167 98.61804422
-16.22669188 98.67698728
-15.89809678 98.73072385
-15.41253677 98.80747703
-14.90607854 98.88567168
-14.15462694 98.99565463
-13.47387541 99.09157532
-13.00114663 99.15423022
-12.42965510 99.22735004
-12.23407950 99.25132061
-11.86614831 99.29557238
-11.49123011 99.33973794
-11.38808991 99.35185128
-11.07317476 99.38668201
-10.84141197 99.41223293
-10.52475946 99.44613975
-10.19893687 99.48014178
-10.08614856 99.49189699
-9.76783379 99.52465324
-9.17239077 99.58152478
-8.94080258 99.60212745
-8.51044126 99.63971599
-8.16443390 99.66851091
-7.62637115 99.71138823
-7.14977116 99.74618628
-6.94391595 99.76054928
-6.60407980 99.78373531
-6.32829743 99.80154087
-6.05463778 99.81884225
-5.99067688 99.82286383
-5.64051059 99.84295904
-5.23211607 99.86539729
-4.74750430 99.88948355
-4.37121577 99.90689143
-3.79845536 99.93047598
-3.76255723 99.93176153
-3.34311905 99.94636961
-3.21536360 99.95054472
-2.87574586 99.96051929
-2.57093133 99.96865024
-2.27534472 99.97599178
-2.18638658 99.97817724
-1.94815524 99.98308504
-1.80566586 99.98575838
-1.55222017 99.98978844
-1.37023071 99.99266396
-1.02454408 99.99665032
-0.89961227 99.99804081
-0.66543077 99.99974334
-0.24988943 100.00195222
0.06328319 100.00216600
0.39127141 100.00147067
0.65263997 99.99990757
1.15072613 99.99546507
1.29482249 99.99387033
1.64483587 99.98870968
1.90994762 99.98408883
2.23042507 99.97781981
2.91632496 99.95979526
3.25996153 99.94889151
3.56703012 99.93900539
3.73268908 99.93295124
4.07605749 99.91884524
4.57977570 99.89708988
4.66133864 99.89354536
4.86772205 99.88347771
5.38123032 99.85794806
5.87705321 99.83041792
6.60616990 99.78389512
7.03734165 99.75474441
7.55074338 99.71690979
7.81066361 99.69665574
8.13339703 99.67095831
8.31090634 99.65654879
8.73539680 99.61993850
8.98620515 99.59722897
9.10383059 99.58632664
9.35985189 99.56248132
9.47894483 99.55131633
9.71057992 99.52956262
9.76652374 99.52421311
9.89155224 99.51193583
10.18183667 99.48282350
10.31830539 99.46898545
10.80665704 99.41599758
10.90591123 99.40522764
11.16259036 99.37723073
11.46669575 99.34336832
11.96613806 99.28400017
12.35844576 99.23553194
12.53402209 99.21351311
13.10755914 99.14038659
13.86083266 99.03718419
14.40147460 98.96089097
14.72919846 98.91217767
15.06780528 98.86097693
15.10962419 98.85456763
15.48806567 98.79514174
15.58929829 98.77922348
15.95928730 98.72098530
16.35213561 98.65668195
16.69732882 98.59914251
16.82857583 98.57653941
17.42972973 98.47225508
17.74603581 98.41593396
18.26511484 98.32002502
18.62781178 98.25202617
18.97359375 98.18573211
19.29861808 98.12211310
19.71374749 98.03976221
19.82374590 98.01744395
20.08203631 97.96476764
20.54239619 97.86930876
20.61194342 97.85477184
20.90052032 97.79325700
21.07874364 97.75522143
21.49558301 97.66567201
22.32255251 97.48000040
23.04510333 97.31154656
23.23054288 97.26686338
23.64884524 97.16530310
23.73643188 97.14395108
24.19247936 97.03202385
24.51711118 96.95108535
24.74835229 96.89180221
25.07078381 96.80850023
25.39806713 96.72360926
25.80547167 96.61528109
26.29835784 96.48362475
26.65274254 96.38525365
26.99442976 96.28983740
27.24140182 96.22071177
27.37992387 96.18179393
27.83330636 96.05081611
28.18250627 95.94933306
28.37623476 95.89204586
28.82716979 95.75786263
29.03109124 95.69603260
29.05568413 95.68852348
29.53670322 95.54135225
30.07570926 95.37308983
30.54985419 95.22142181
30.61701554 95.19986015
31.03298628 95.06472546
31.27314355 94.98632681
31.58312153 94.88371607
31.78601974 94.81600133
32.05926699 94.72418817
32.11285951 94.70601364
32.33193685 94.63147707
32.69625958 94.50639547
32.84727001 94.45431231
33.15590380 94.34565882
33.47931288 94.23126459
33.93992793 94.06728028
34.63693931 93.81291360
35.36652324 93.54023838
35.84369752 93.35873760
36.79677695 92.98808950
37.47191305 92.71595723
37.79699819 92.58381560
37.94920632 92.52181514
37.99654337 92.50231917
38.49684596 92.29549210
38.68651421 92.21612923
39.04683395 92.06452961
39.41498384 91.90646026
39.72673173 91.77256539
39.78036825 91.74952692
40.02013217 91.64509375
40.46905388 91.44875722
40.83139851 91.28672794
41.39832588 91.03127217
41.62110554 90.92937822
42.01535698 90.74851631
42.16934582 90.67688691
42.77881555 90.39065853
43.12480417 90.22626369
43.53912617 90.02813065
43.81301715 89.89431540
44.40637672 89.60263241
44.85077215 89.38103168
44.97467049 89.31871005
45.45566166 89.07363162
45.79849634 88.89839710
46.26389917 88.65757748
46.32715430 88.62444140
46.58954587 88.48667309
46.92200981 88.31022690
47.16424803 88.18116093
47.52101396 87.99079174
47.81326582 87.83216356
48.34737287 87.53807625
48.66538721 87.36190059
49.20922745 87.05749234
49.32702074 86.99100763
49.73866457 86.75566253
50.04327695 86.58084244
50.65591941 86.22385274
51.14844763 85.93157506
51.41343651 85.77393010
51.77976406 85.55312415
52.16931220 85.31693028
52.85595320 84.89246059
53.52597570 84.47146471
53.90787983 84.22771813
54.01181438 84.16128963
54.39876900 83.91272702
55.03525571 83.49651269
55.53102287 83.16788042
55.96885614 82.87270283
56.35454049 82.61127562
56.52722964 82.49313229
57.00744269 82.16226742
57.43982494 81.86032404
57.72150186 81.66192275
58.16787937 81.34491633
58.55126955 81.06921023
58.90806161 80.81138323
59.09477006 80.67516895
59.52412321 80.35711153
59.98894281 80.01151113
60.25478498 79.81096803
60.72394306 79.45465777
61.15427191 79.12475578
61.30627110 79.00789431
61.60427227 78.77437920
61.91628920 78.52967430
61.94970878 78.50326698
62.22173745 78.28760699
62.61837782 77.97003132
62.78479719 77.83647054
62.89298847 77.74874292
63.04335347 77.62645476
63.21426285 77.48724158
63.51528908 77.24172634
63.87136283 76.94843349
64.13950653 76.72416415
64.51997212 76.40436442
64.80817896 76.16162988
65.11078688 75.90171526
65.39927436 75.65366418
65.43566282 75.62224352
65.55517939 75.51851477
65.86726512 75.24607838
66.14184515 75.00419150
66.36368730 74.80862418
66.62969605 74.57196272
67.16890393 74.08594421
67.37314574 73.89998814
67.71510775 73.58647318
67.86733350 73.44684388
67.88856237 73.42733651
68.11272784 73.21961309
68.21382892 73.12589385
68.56755942 72.79566357
69.06817884 72.31960434
69.32625507 72.07141613
69.64248039 71.76588797
69.77297422 71.63893983
70.16322052 71.25680154
70.42735968 70.99601574
71.07768549 70.34661437
71.22231480 70.19919088
71.66634692 69.74631399
72.19052954 69.20327463
72.34658731 69.04069038
72.80900338 68.55176678
72.93286553 68.41970627
73.24210055 68.08961459
73.50552271 67.80402176
73.70093543 67.59096498
73.73690260 67.55163855
73.77413129 67.51088084
73.87923916 67.39566126
73.94793500 67.32032885
74.03245443 67.22759746
74.21434978 67.02788564
74.34365283 66.88370364
74.53640853 66.66848771
74.74496960 66.43513780
74.98080316 66.16959242
75.12896659 66.00072088
75.34305658 65.75547128
75.63818235 65.41710080
75.97315854 65.02713190
76.08269234 64.89853808
76.32285316 64.61642155
76.50576319 64.39962550
76.80053603 64.04840366
77.11393412 63.67075183
77.48819289 63.21503247
77.74198632 62.90154484
77.96572839 62.62407520
78.12610866 62.42381656
78.43661890 62.03476687
78.76564468 61.61497724
79.09465908 61.19219927
79.24438273 60.99904266
79.44677692 60.73563432
79.86146585 60.18882265
79.96343524 60.05278734
80.06045171 59.92305935
80.42910367 59.42911615
80.83014211 58.88269510
81.08705018 58.52579552
81.22264092 58.33719658
81.32523056 58.19406488
81.55274285 57.87598128
81.66488776 57.71766033
81.84591717 57.46147434
82.15505069 57.01840177
82.30404308 56.80186637
82.41070778 56.64668254
82.63140441 56.32494607
82.94852964 55.85649881
83.05096523 55.70477921
83.20394927 55.47573581
83.45863073 55.09168385
83.57532846 54.91414374
83.76779454 54.62028356
83.94175152 54.35180817
84.02822408 54.21829216
84.17443985 53.99137416
84.24902102 53.87493644
84.34695914 53.72202334
84.35798395 53.70475647
84.61213083 53.30338124
84.68644928 53.18584427
84.79606327 53.01145549
85.11126867 52.50409655
85.31826166 52.16498254
85.50059375 51.86498713
85.73444962 51.47839938
85.93485616 51.14389457
86.19115044 50.71108032
86.33390312 50.46724036
86.53893368 50.11353128
86.64291619 49.93341257
86.88015431 49.51997145
87.00700785 49.29658756
87.23050674 48.90241360
87.55792794 48.31495819
87.81554906 47.84112811
87.94570089 47.60154853
88.01061435 47.48202737
88.25797349 47.02077691
88.41398949 46.72754536
88.51355207 46.53862954
88.68567064 46.20910625
88.77763562 46.03206142
88.87807470 45.83730985
89.02290358 45.55595580
89.26286210 45.08591566
89.49280430 44.62540077
89.75062715 44.10604049
89.89272301 43.81589325
90.15670859 43.26917937
90.25867924 43.05490016
90.41817744 42.71958720
90.52694931 42.48840727
90.63941059 42.24856627
90.85583245 41.78122439
91.03646329 41.38600184
91.22036813 40.98216498
91.36076720 40.66641523
91.49131916 40.37254211
91.72468376 39.83608599
91.86951142 39.50204138
91.90628190 39.41708876
91.98558654 39.23122790
92.15255846 38.83733407
92.27929678 38.53553689
92.39514376 38.25626511
92.66006569 37.61256566
92.81267947 37.23430225
92.93075084 36.93551292
93.01756777 36.71576817
93.12412732 36.44457473
93.16072547 36.35085345
93.30645114 35.97626534
93.43932449 35.63063414
93.48230478 35.51876817
93.57754487 35.26569006
93.73650782 34.84183660
93.76877520 34.75550119
93.92182973 34.34045147
94.10766326 33.82642798
94.16913916 33.65494478
94.24262164 33.44831823
94.39050090 33.02739220
94.52501071 32.64198409
94.68654773 32.17141431
94.82286665 31.76675284
94.90489142 31.51966174
95.05812366 31.05636416
95.20668747 30.59486932
95.35930173 30.11843562
95.47041624 29.76404789
95.54983713 29.50641697
95.56088647 29.47049683
95.65877738 29.15098409
95.73020572 28.91709534
95.89007600 28.38153168
95.95887102 28.14713168
96.06125622 27.79615939
96.14061599 27.52039713
96.25086292 27.13184223
96.38677052 26.64861244
96.39892648 26.60447794
96.46169306 26.37500519
96.54804005 26.05541535
96.56321611 25.99921040
96.61361433 25.81156018
96.73922134 25.33813913
96.76087131 25.25473144
96.80725224 25.07523383
96.83857274 24.95321964
96.90363173 24.69946221
96.97088082 24.43711622
97.05200790 24.11414283
97.16483961 23.65261111
97.33434852 22.94662265
97.47449796 22.34319799
97.53697595 22.07158852
97.61621874 21.71687199
97.72496546 21.21875474
97.76190515 21.04830548
97.80677709 20.83771906
97.84162194 20.67312820
97.90404174 20.37741077
98.05598269 19.63800831
98.14027141 19.20834474
98.25365458 18.61986311
98.29317670 18.41183455
98.37521249 17.96737757
98.43631110 17.62648936
98.50430361 17.24357354
98.55239878 16.97142865
98.59971524 16.69120701
98.67909053 16.21534030
98.73427790 15.87149015
98.76173910 15.69896368
98.80686463 15.41494471
98.85421852 15.10920861
98.87777226 14.95561425
98.93320017 14.58055733
98.99042043 14.18891067
99.02118031 13.97802472
99.03904196 13.84865707
99.07265478 13.60336716
99.12039263 13.25056675
99.18281506 12.78326166
99.25840718 12.17687877
99.28477285 11.96162753
99.33842329 11.50430172
99.37338903 11.19237611
99.39999429 10.95386528
99.43089348 10.67528858
99.44707081 10.52401633
99.48412669 10.17462852
99.56090777 9.39310340
99.57816312 9.20406677
99.62155693 8.72314797
99.65077368 8.38505793
99.67965994 8.02801547
99.68948844 7.90392841
99.71203214 7.60871218
99.74705604 7.14439045
99.79726570 6.39249581
99.82565319 5.93460589
99.83480596 5.78274755
99.85804517 5.38107667
99.87841965 4.97435632
99.88695895 4.79902782
99.91541808 4.16637980
99.93647290 3.63739639
99.95844341 2.96493925
99.96535103 2.71344804
99.97653401 2.29250167
99.98522863 1.86690972
99.99172202 1.45094961
99.99563881 1.19885581
99.99992401 0.68621147
100.00149756 0.39574423
100.00267467 0.03168596
100.00142944 -0.31276456
100.00040661 -0.55982471
100.00002326 -0.61076515
99.99619394 -1.06737543
99.99307452 -1.35696665
99.98502974 -1.86584129
99.97775474 -2.19902659
99.96926753 -2.54558289
99.95898094 -2.92589755
99.95649447 -3.01673809
99.94700279 -3.32341445
99.94370246 -3.41893170
99.92981264 -3.81843655
99.92854872 -3.85180578
99.92456668 -3.95143218
99.91661307 -4.13948835
99.90587692 -4.39253822
99.89176098 -4.69142763
99.88363673 -4.86173938
99.86463070 -5.23690944
99.85511934 -5.42106649
99.84866508 -5.53929584
99.82414399 -5.96641884
99.79783720 -6.39923779
99.74074294 -7.23173484
99.72799048 -7.40895656
99.70107027 -7.75839224
99.68959556 -7.90215106
99.65394887 -8.33438213
99.64814624 -8.40283839
99.60295709 -8.92847779
99.59483221 -9.01803350
99.55033895 -9.50549526
99.45990363 -10.40980160
99.43174343 -10.66920265
99.37268030 -11.20440480
99.35405414 -11.36774863
99.29874199 -11.84080126
99.25393362 -12.21415601
99.22526201 -12.44535083
99.18293335 -12.77597326
99.16297450 -12.92780145
99.14759158 -13.04478835
99.10337275 -13.37471699
99.03102926 -13.90561591
99.02395440 -13.95543768
98.97677193 -14.28466746
98.90508870 -14.77339624
98.88715781 -14.89236125
98.86167036 -15.06030053
98.84287188 -15.18232151
98.80982679 -15.39519078
98.78169648 -15.57550259
98.76010119 -15.71154010
98.70747030 -16.04285214
98.64445315 -16.42499094
98.57182994 -16.85324222
98.52954164 -17.10080986
98.50684970 -17.23090637
98.46745362 -17.45392276
98.42978581 -17.66387297
98.37379329 -17.97277295
98.32380248 -18.24487555
98.28181393 -18.46829150
98.17753800 -19.02273428
98.10477933 -19.38617391
98.06308194 -19.59434070
98.02582224 -19.78026070
97.92943661 -20.25339971
97.87982033 -20.49559678
97.84150091 -20.67818328
97.78608005 -20.93586615
97.67172412 -21.46593478
97.58457734 -21.85649274
97.57206470 -21.91256376
97.49752592 -22.24186829
97.46737625 -22.37414913
97.32706583 -22.97891670
97.30976127 -23.05202433
97.13538077 -23.77321673
97.03605710 -24.17567447
96.95230031 -24.50942212
96.83302994 -24.97844283
96.74714595 -25.30639830
96.69895116 -25.48997929
96.54868303 -26.05455444
96.45798138 -26.38766200
96.40278396 -26.58795840
96.22874944 -27.21632820
96.06600569 -27.77954981
95.97351052 -28.09951787
95.80221436 -28.68127949
95.70670481 -28.99734107
95.54825886 -29.51311910
95.44335312 -29.84826866
95.40019208 -29.98576461
95.36985237 -30.08173369
95.26397189 -30.41663677
95.25996762 -30.42907143
95.13998561 -30.80060461
95.12608091 -30.84360164
95.07404071 -31.00442831
95.02412222 -31.15822451
94.91533935 -31.48839736
94.83018526 -31.74395041
94.67149359 -32.21442869
94.53140767 -32.62425625
94.40310616 -32.99170886
94.33429563 -33.18834852
94.16803560 -33.65584571
94.03768716 -34.02219138
93.80514500 -34.65939703
93.49849342 -35.47824918
93.24361871 -36.14072444
93.03218121 -36.68013567
92.96974586 -36.83808419
92.84505029 -37.15113527
92.65787726 -37.61844980
92.54805947 -37.88554071
92.41664907 -38.20500290
92.32954820 -38.41426512
92.23350190 -38.64401404
92.15404782 -38.83278203
91.98120451 -39.24263582
91.90961834 -39.40936590
91.66524753 -39.97532131
91.61477403 -40.09023363
91.43287808 -40.50257774
91.37124140 -40.64128147
91.25583052 -40.89892142
91.13711265 -41.16325249
90.95784240 -41.55893205
90.91083918 -41.66118884
90.73447221 -42.04434144
90.69292048 -42.13434235
90.53317359 -42.47554873
90.47973779 -42.58900736
90.31816414 -42.93055356
90.17006851 -43.24190598
90.10680805 -43.37395019
89.94001041 -43.71799368
89.74645431 -44.11388052
89.58158137 -44.44644381
89.43350225 -44.74491930
89.19916792 -45.21021048
89.06242730 -45.47974587
89.01673418 -45.56923843
88.76592658 -46.05478260
88.53370234 -46.50131043
88.30213900 -46.93899638
88.22579443 -47.08198739
87.93177170 -47.62975034
87.77501812 -47.91718096
87.46278697 -48.48538476
87.31649847 -48.74721898
87.21062797 -48.93596369
86.95924516 -49.38174947
86.91799863 -49.45435689
86.79963298 -49.66157032
86.67234100 -49.88419512
86.46460809 -50.24410876
86.36023282 -50.42251083
86.15617530 -50.77026019
85.83045751 -51.31763034
85.70611757 -51.52535141
85.63202511 -51.64849347
85.53164730 -51.81502145
85.28244889 -52.22477820
85.11836101 -52.49203482
84.99578364 -52.68995735
84.93995323 -52.77953269
84.78939742 -53.02015908
84.59880245 -53.32477188
84.45447348 -53.55270690
84.24206564 -53.88571644
84.17747345 -53.98697116
84.04325835 -54.19605168
83.84649341 -54.49997811
83.46607225 -55.08109847
83.29874008 -55.33344366
83.05463379 -55.69884172
83.03658196 -55.72572147
82.75296396 -56.14703618
82.45164797 -56.58748104
82.23702224 -56.89893087
82.05118881 -57.16732964
81.97196192 -57.28064938
81.70391695 -57.66214137
81.61070594 -57.79404463
81.47000206 -57.99262261
81.32143427 -58.19996418
81.22860584 -58.32935854
81.05362214 -58.57251030
81.02929920 -58.60621560
80.96204015 -58.69914980
80.76817795 -58.96589930
80.55824185 -59.25178880
80.36412968 -59.51449561
80.10747107 -59.86171062
79.64558643 -60.47411351
79.60681068 -60.52498157
79.31023059 -60.91306350
78.98991559 -61.32727115
78.88635290 -61.46042196
78.74326675 -61.64397282
78.56131879 -61.87569707
78.35149463 -62.14166828
78.13026019 -62.41881712
77.61948774 -63.05431454
77.38820126 -63.33606962
76.99771801 -63.81114554
76.90912331 -63.91869959
76.54487565 -64.35292469
76.46175628 -64.45176323
76.16482675 -64.80288069
76.09909957 -64.88056569
75.64619651 -65.40762987
75.51711716 -65.55617392
75.40514624 -65.68448398
75.10802050 -66.02456887
75.04188763 -66.09993352
74.85902853 -66.30743233
74.55750737 -66.64441071
74.22599727 -67.01484640
74.08718541 -67.16835032
74.02439154 -67.23756960
73.74473839 -67.54442593
73.46279655 -67.85015611
73.08030946 -68.26410239
72.32065059 -69.06747050
72.01095231 -69.38935357
71.90311136 -69.50084906
71.84032707 -69.56564304
71.43280154 -69.98458412
71.15174518 -70.27187489
70.65202655 -70.77356706
70.32991551 -71.09383055
69.80525305 -71.60794102
69.56981184 -71.83656072
69.44434616 -71.95792478
69.07146778 -72.31570305
68.90835454 -72.47090905
68.83147966 -72.54375158
68.68030697 -72.68662276
68.50665856 -72.85068862
68.27172670 -73.07052927
68.00559111 -73.31897478
67.83844929 -73.47376254
67.62292247 -73.67276330
67.55863767 -73.73161037
67.15340707 -74.10073436
67.05222178 -74.19205332
66.87794770 -74.34911157
66.80708577 -74.41272876
66.56006665 -74.63366828
66.43442999 -74.74537917
66.05865040 -75.07838938
65.79303277 -75.31124046
65.64639870 -75.43908805
65.55582058 -75.51755520
65.24271532 -75.78793733
65.04060715 -75.96189662
64.97077124 -76.02184779
64.54413719 -76.38411367
64.47197051 -76.44492807
64.31479933 -76.57715167
64.07229430 -76.78039775
63.81107927 -76.99819328
63.60352104 -77.16837890
63.33705662 -77.38663818
62.95150354 -77.70154550
62.74149417 -77.87112311
62.40710318 -78.13938914
62.25074893 -78.26423905
61.93604208 -78.51361227
61.84237907 -78.58740708
61.54070726 -78.82309042
61.36161582 -78.96275304
61.29289333 -79.01627212
60.98858924 -79.25146353
60.88404970 -79.33207865
60.54035933 -79.59461890
60.45288944 -79.66109434
60.18048703 -79.86777518
59.77781695 -80.16917249
59.63109842 -80.27831610
59.49006652 -80.38287576
59.05817773 -80.70082877
58.82468292 -80.87139191
58.62194569 -81.01798536
58.33034986 -81.22732993
57.99067750 -81.47044205
57.70001928 -81.67832036
57.56908518 -81.77025720
57.30065445 -81.95777906
57.06822302 -82.11956443
56.98581643 -82.17677182
56.43329384 -82.55779268
56.26142638 -82.67550030
55.97250323 -82.87131312
55.67824650 -83.06843239
55.42824630 -83.23543113
55.11316922 -83.44451724
54.79765360 -83.65164468
54.66118529 -83.74098296
54.38805950 -83.91857179
54.01827134 -84.15744157
53.50793060 -84.48318607
53.03571435 -84.77997238
52.70531914 -84.98559694
52.51859731 -85.10098312
52.28799057 -85.24315370
52.16202345 -85.32014754
52.00457228 -85.41618408
51.88465345 -85.48892156
51.76658776 -85.56032222
51.33055695 -85.82300720
50.95951815 -86.04447242
50.60939971 -86.25064137
50.12974605 -86.53012887
49.75939935 -86.74352731
49.50898813 -86.88651373
49.11983796 -87.10753725
49.04983475 -87.14710270
48.57652427 -87.41110796
48.23188770 -87.60301430
47.86087938 -87.80532171
47.45355484 -88.02610924
47.32188699 -88.09747718
46.96620760 -88.28670846
46.68249744 -88.43763837
46.42078729 -88.57489371
46.11992705 -88.73208467
45.76943467 -88.91326981
45.48367269 -89.06035819
44.76112144 -89.42477792
44.56861577 -89.52109755
44.50856860 -89.55102175
44.33769727 -89.63589807
44.04562007 -89.78009657
43.61037039 -89.99239056
43.36701877 -90.10953242
42.86269763 -90.35093139
42.79955160 -90.38073499
42.57974830 -90.48426327
42.23691461 -90.64472455
42.14618777 -90.68674364
41.59189559 -90.94299769
41.42678480 -91.01849491
40.86081999 -91.27331435
40.49247245 -91.43714804
40.40036573 -91.47776331
40.05111580 -91.63172790
39.55415534 -91.84765418
39.34052032 -91.93945977
39.19640606 -92.00065278
39.09201674 -92.04475897
38.69112053 -92.21412307
38.31509448 -92.37101065
37.96767120 -92.51427259
37.74524175 -92.60585329
37.45395454 -92.72396886
36.81190575 -92.98064173
36.48039529 -93.11165136
35.88688072 -93.34158847
35.51209523 -93.48437639
35.38779406 -93.53170571
35.26687438 -93.57763510
35.00030027 -93.67773674
34.38053075 -93.90719467
34.01040814 -94.04221361
33.73268168 -94.14252563
33.20562335 -94.32785303
32.93194420 -94.42353810
32.47561443 -94.58280927
31.79762197 -94.81252633
31.70708727 -94.84310106
31.40391190 -94.94336748
31.24647592 -94.99535193
31.09938589 -95.04352796
30.65228588 -95.18849669
30.46109665 -95.25007347
30.19757385 -95.33421849
29.53735894 -95.54203267
28.87511299 -95.74239229
28.49149047 -95.85797037
28.17772782 -95.95068889
28.05490468 -95.98670007
27.59806092 -96.11779821
27.45768959 -96.15802470
27.32574593 -96.19577340
26.74594961 -96.35995806
26.43107603 -96.44601515
26.17565722 -96.51561414
25.86649853 -96.59927719
25.39860948 -96.72296905
24.95345619 -96.83972842
24.10538570 -97.05409260
23.77904644 -97.13425225
23.30819705 -97.24778125
23.19730168 -97.27419019
23.03129905 -97.31364367
22.97905110 -97.32601507
22.85609665 -97.35508095
22.59060228 -97.41762684
21.98640842 -97.55578287
21.75878703 -97.60688066
21.19386524 -97.73188222
20.67950094 -97.84136927
20.52538891 -97.87361418
20.09397429 -97.96269856
19.46592689 -98.08958838
19.31096188 -98.12004367
19.08447803 -98.16438979
18.73375992 -98.23258752
18.21966222 -98.32864867
18.11505063 -98.34812650
18.02847123 -98.36400162
17.56462864 -98.44808095
17.20387535 -98.51147971
16.81577596 -98.57759711
16.73680883 -98.59101171
16.37636428 -98.65185773
16.19014507 -98.68299074
15.91056381 -98.72815326
15.64900214 -98.76986796
15.49603440 -98.79416557
14.98545825 -98.87302250
14.92423334 -98.88245149
14.75001755 -98.90866732
14.52720089 -98.94158620
13.92285841 -99.02805128
13.74167960 -99.05338690
13.31357138 -99.11232909
13.01279240 -99.15267468
12.75693833 -99.18550695
12.04122511 -99.27548903
11.63460484 -99.32299331
11.24774909 -99.36742115
11.11164893 -99.38293814
10.81662220 -99.41506968
10.64075243 -99.43403557
10.46859753 -99.45248725
9.85409081 -99.51574955
9.43682952 -99.55620134
9.18371411 -99.57941391
9.01199483 -99.59503505
8.64019798 -99.62823984
8.38600734 -99.65051516
7.82757518 -99.69538496
7.35847693 -99.73152043
6.66677373 -99.78068020
5.95312731 -99.82529677
5.24244023 -99.86605749
4.50136201 -99.90197411
3.96980401 -99.92382204
3.38470206 -99.94512634
3.29112187 -99.94820126
2.99052620 -99.95713225
2.48076053 -99.97171444
1.87964457 -99.98461460
1.76528790 -99.98666989
1.07469316 -99.99776774
0.75339068 -100.00015929
0.40899640 -100.00174469
0.22547309 -100.00187374
-0.01132275 -100.00150131
-0.62895335 -100.00042014
-0.85373873 -99.99904704
-1.35008378 -99.99376536
-1.53875059 -99.99056906
-2.01818709 -99.98204792
-2.62086308 -99.96779010
-2.90811193 -99.95957054
-3.29779192 -99.94824007
-3.73040977 -99.93332843
-4.48325023 -99.90222575
-5.07997380 -99.87298948
-5.39850479 -99.85656913
-5.69661960 -99.83999774
-6.17087620 -99.81314508
-6.62524745 -99.78315409
-6.91299639 -99.76282728
-7.33161270 -99.73274875
-7.57073429 -99.71503175
-7.95671671 -99.68553037
-8.19773113 -99.66648955
-8.59013365 -99.63304945
-9.12251108 -99.58578349
-9.76259383 -99.52486351
-10.34992402 -99.46485138
-10.52279639 -99.44655608
-10.79844278 -99.41732583
-11.27368137 -99.36504635
-11.66601389 -99.31927100
-12.15827752 -99.26038431
-12.47230284 -99.22085287
-12.66305848 -99.19670128
-12.84221897 -99.17385200
-12.92738897 -99.16268554
-13.38498096 -99.10249594
-13.51185694 -99.08508939
-14.13547086 -98.99933271
-14.72431054 -98.91227340
-15.19048838 -98.84224399
-15.61211558 -98.77709969
-16.30227305 -98.66484763
-16.79159716 -98.58222653
-17.26138592 -98.50219581
-18.10193860 -98.35035614
-18.66439327 -98.24479515
-19.12768762 -98.15614763
-19.67458765 -98.04816937
-20.20515236 -97.93995432
-20.61616907 -97.85481468
-21.06017331 -97.75918657
-21.31219327 -97.70482080
-21.41697722 -97.68182085
-21.64961752 -97.63019587
-21.97458361 -97.55786781
-22.60525245 -97.41425857
-23.01586684 -97.31810956
-23.31620463 -97.24608762
-23.71076517 -97.15110044
-24.06804793 -97.06301238
-24.72356601 -96.89841202
-24.84613293 -96.86704846
-25.16755326 -96.78410411
-25.40986136 -96.72060200
-25.63125625 -96.66215284
-26.09115799 -96.53843088
-26.43080956 -96.44662002
-26.98595473 -96.29192087
-27.17008733 -96.24034426
-27.24001910 -96.22062800
-27.70680042 -96.08847835
-28.18450232 -95.94880982
-28.53799308 -95.84389337
-28.86987261 -95.74492026
-29.07416407 -95.68274236
-29.20627266 -95.64250958
-29.68159928 -95.49567885
-29.96756865 -95.40675462
-30.30950245 -95.29847864
-30.69830766 -95.17343010
-31.06519645 -95.05493741
-31.28570549 -94.98225109
-31.67286592 -94.85454907
-32.16716614 -94.68685909
-32.58316469 -94.54564667
-32.98533553 -94.40612348
-33.50790123 -94.22151103
-34.03326880 -94.03250942
-34.16897470 -93.98364807
-34.25326183 -93.95294807
-34.64158422 -93.81127288
-35.23736463 -93.59064323
-35.90638831 -93.33400960
-36.27426937 -93.19114682
-36.49828098 -93.10345297
-36.67893953 -93.03251536
-36.81956891 -92.97688602
-37.12805492 -92.85421241
-37.44361191 -92.72714282
-37.64127675 -92.64700856
-38.09087379 -92.46433773
-38.33803527 -92.36140369
-38.67339021 -92.22133540
-39.09712003 -92.04242253
-39.32283873 -91.94604347
-39.68166380 -91.79215133
-40.03352640 -91.63891914
-40.44819169 -91.45776181
-41.22779311 -91.11094826
-41.87803361 -90.81133003
-42.27245363 -90.62900847
-42.48725003 -90.52800922
-42.68661723 -90.43389446
-42.80162644 -90.37947895
-43.15723286 -90.21019789
-43.70185700 -89.94882048
-43.87787315 -89.86228611
-44.09929573 -89.75316339
-44.22577462 -89.69078474
-44.63062250 -89.49060307
-44.81110482 -89.40087712
-44.98458462 -89.31343895
-45.46118898 -89.07226846
-46.22722890 -88.67642954
-46.67842489 -88.44153472
-47.26594374 -88.12701919
-47.85704918 -87.80915914
-48.67099124 -87.35930370
-48.93491991 -87.21133543
-49.05065988 -87.14634903
-49.25834219 -87.02926953
-49.45436118 -86.91808176
-49.77049088 -86.73757703
-49.83038363 -86.70337297
-50.42223778 -86.36043411
-50.76102446 -86.16133983
-51.02442506 -86.00641947
-51.44155609 -85.75630096
-51.58659476 -85.66895144
-52.00950620 -85.41336114
-52.10057027 -85.35805511
-52.43291182 -85.15418754
-53.04726289 -84.77362555
-53.33583559 -84.59219021
-53.48795621 -84.49578046
-53.74901030 -84.32951707
-53.93484826 -84.21107377
-54.16607345 -84.06203333
-54.34015974 -83.94979034
-54.55591716 -83.81025225
-54.88198274 -83.59655493
-55.29712753 -83.32333889
-56.05308968 -82.81711079
-56.43269152 -82.55823113
-56.89979345 -82.23691661
-57.14078405 -82.06959501
-57.56840482 -81.76887306
-58.05143593 -81.42811199
-58.42793890 -81.15804944
-58.61784491 -81.02063943
-58.63831768 -81.00582521
-58.83016396 -80.86631458
-58.89126882 -80.82182891
-59.33402429 -80.49943059
-60.01841654 -79.98984418
-60.13921952 -79.89957993
-60.63532768 -79.52349433
-60.90839716 -79.31378241
-61.28667044 -79.02173959
-61.66374281 -78.72710621
-61.77826015 -78.63710721
-62.01331941 -78.45231105
-62.25937344 -78.25688337
-62.41388590 -78.13393020
-62.70657087 -77.89920729
-62.84328583 -77.78907498
-62.93272578 -77.71692249
-63.10200282 -77.57944580
-63.36087857 -77.36867797
-63.54094686 -77.22173294
-63.84571869 -76.96852077
-63.94624253 -76.88499418
-64.32205745 -76.57170419
-64.77629212 -76.18880249
-65.06251777 -75.94472390
-65.46624605 -75.59545812
-65.89825728 -75.21835080
-66.03817604 -75.09604427
-66.12338004 -75.02078035
-66.35724878 -74.81368535
-66.67288084 -74.53322457
-66.79095753 -74.42744958
-67.13925426 -74.11317520
-67.35363537 -73.91844603
-67.70606709 -73.59643773
-68.17187575 -73.16510028
-68.74928488 -72.62271482
-68.88065174 -72.49785385
-68.92306919 -72.45733933
-69.26166796 -72.13378966
-69.36592087 -72.03397148
-69.41325388 -71.98856931
-69.78759122 -71.62599653
-70.03670631 -71.38171076
-70.18636893 -71.23436806
-70.46740939 -70.95637982
-71.00169346 -70.42271745
-71.13380924 -70.28887738
-71.57776030 -69.83679814
-71.89440497 -69.51116402
-72.37565312 -69.00867250
-72.48810796 -68.89044738
-73.01477092 -68.33294134
-73.19419515 -68.13966985
-73.47599819 -67.83559497
-73.73062610 -67.55868867
-73.99871152 -67.26506488
-74.10751020 -67.14528422
-74.17941078 -67.06571869
-74.67134563 -66.52107122
-75.30424793 -65.80093687
-75.55106208 -65.51722418
-75.68730389 -65.35924493
-75.97191594 -65.02844233
-76.16091964 -64.80719338
-76.57928817 -64.31452731
-76.94934650 -63.86994048
-77.34568927 -63.38901843
-77.55134785 -63.13678278
-77.84478096 -62.77375746
-77.98934753 -62.59400106
-78.10717293 -62.44703716
-78.20946734 -62.31933267
-78.57313060 -61.86204575
-78.84361182 -61.51478194
-79.10621795 -61.17751448
-79.45075658 -60.73190450
-79.78875109 -60.28405707
-79.97030054 -60.04336888
-80.24181228 -59.68128766
-80.62124830 -59.16621226
-80.76226870 -58.97331646
-81.08103574 -58.53550831
-81.25040637 -58.30122354
-81.69413811 -57.67610107
-81.83499961 -57.47607312
-81.89633094 -57.38887290
-82.06551531 -57.14747318
-82.26460204 -56.85894704
-82.51453591 -56.49579281
-82.60402829 -56.36548799
-82.84750329 -56.00580028
-83.02550274 -55.74257423
-83.10376006 -55.62601392
-83.35112085 -55.25469956
-83.52138260 -54.99705839
-83.68262235 -54.75072112
-83.77869987 -54.60340689
-83.93258836 -54.36594333
-84.26109604 -53.85883343
-84.50781925 -53.46802469
-84.76657790 -53.05748079
-85.04184260 -52.61451925
-85.36841915 -52.08443295
-85.77421005 -51.41313755
-86.04436049 -50.95891982
-86.25169156 -50.60790685
-86.31523428 -50.49923471
-86.45273246 -50.26395490
-86.63099483 -49.95619376
-87.04864280 -49.22457954
-87.24543555 -48.87369238
-87.46867262 -48.47286074
-87.71775720 -48.02217648
-87.84681505 -47.78500468
-87.93924787 -47.61422586
-88.22932548 -47.07740116
-88.45779019 -46.64432205
-88.54884435 -46.47115810
-88.91107750 -45.77563820
-89.01764725 -45.56884754
-89.19982391 -45.20906409
-89.29016689 -45.02939966
-89.47027761 -44.67073875
-89.64151079 -44.32688134
-89.75163005 -44.10279544
-89.91384704 -43.77089250
-89.98615807 -43.62170268
-90.15713401 -43.26877203
-90.26122830 -43.05194169
-90.34099699 -42.88373571
-90.55198046 -42.43588079
-90.69796143 -42.12353134
-90.70872882 -42.10038943
-91.02882664 -41.40612703
-91.25917561 -40.89409846
-91.46132733 -40.44066892
-91.76000337 -39.75612243
-91.77760268 -39.71566949
-91.90465028 -39.42163777
-92.03064680 -39.12630256
-92.13145430 -38.88868295
-92.27742292 -38.54100991
-92.33704159 -38.39706873
-92.48697778 -38.03435813
-92.62349407 -37.70027051
-92.64980467 -37.63503603
-92.86043766 -37.11238052
-93.07474782 -36.57317243
-93.17559510 -36.31715049
-93.28534775 -36.03524080
-93.49114994 -35.49363676
-93.60582241 -35.19101252
-93.68568245 -34.97744384
-93.72752571 -34.86539550
-93.78643989 -34.70744753
-93.79511551 -34.68400189
-93.83675436 -34.57010416
-93.97616999 -34.18782858
-94.03442914 -34.02741442
-94.16894265 -33.65452653
-94.23467680 -33.47200573
-94.40961874 -32.97426352
-94.52783923 -32.63189322
-94.57341673 -32.49950978
-94.67099514 -32.21496308
-94.75189563 -31.97796097
-94.78639754 -31.87479361
-94.90911375 -31.50448976
-94.99494017 -31.24542193
-95.11011138 -30.89599139
-95.21760724 -30.56255526
-95.41097625 -29.95641182
-95.50538752 -29.65528372
-95.65917393 -29.15325118
-95.78369558 -28.73743741
-95.79392366 -28.70319493
-95.89297313 -28.37120677
-95.93335115 -28.23548595
-95.99823512 -28.01330464
-96.07107590 -27.76123777
-96.20175509 -27.30825816
-96.26640441 -27.07897239
-96.32768910 -26.86027499
-96.41280530 -26.55170062
-96.45623161 -26.39416580
-96.45981996 -26.38099171
-96.57130660 -25.96859506
-96.66568538 -25.61712088
-96.69783658 -25.49604958
-96.81320299 -25.05697942
-96.92299843 -24.62607026
-97.00829346 -24.28615330
-97.09483881 -23.93745133
-97.17245481 -23.62015057
-97.22750385 -23.39306368
-97.26091912 -23.25441083
-97.33952421 -22.92247148
-97.47463728 -22.34208787
-97.54569724 -22.03602065
-97.73228088 -21.18948502
-97.88029194 -20.49532827
-97.99088386 -19.95843333
-98.09838627 -19.42234644
-98.16222210 -19.09663433
-98.18627242 -18.97193142
-98.20337170 -18.88186723
-98.24327281 -18.67094202
-98.32701304 -18.22408653
-98.42916574 -17.66891593
-98.53101727 -17.09400264
-98.61375804 -16.60969165
-98.70633433 -16.04705775
-98.75426417 -15.74946574
-98.85814310 -15.09267069
-98.95472114 -14.43775520
-98.98778912 -14.20717929
-99.01136875 -14.04157687
-99.04995544 -13.76619447
-99.07495661 -13.58559803
-99.10356424 -13.37572090
-99.13411106 -13.15017679
-99.17597456 -12.83520380
-99.22384971 -12.46448941
-99.28530029 -11.95301686
-99.30239419 -11.80994564
-99.34619580 -11.44248353
-99.40445588 -10.91677062
-99.41592314 -10.81255671
-99.44505184 -10.54251783
-99.46488991 -10.35391911
-99.50168423 -9.99281915
-99.54473592 -9.55665685
-99.57630237 -9.22501794
-99.61571710 -8.78466178
-99.66423733 -8.21641965
-99.69539479 -7.82237803
-99.71988384 -7.50151255
-99.75283811 -7.05791595
-99.80408097 -6.31772463
-99.84502148 -5.60775167
-99.86357338 -5.26803808
-99.87585067 -5.02876506
-99.88096791 -4.91781876
-99.90055770 -4.49186321
-99.90566224 -4.37884574
-99.91930684 -4.07226495
-99.93331795 -3.71382587
-99.94730593 -3.33735095
-99.96078225 -2.90154125
-99.96960489 -2.54460566
-99.98059135 -2.09288800
-99.98780931 -1.69723177
-99.99178256 -1.46317512
-99.99326688 -1.36308500
-99.99801105 -0.97308784
-100.00123494 -0.40776257
